Row	p_EC	sensitivity	precision	relation	genus	species
Leaf1	0.328787747253205	0.435364041604755	0.31505376344086	0.889	0	0
Leaf10	0.200668578135759	0.307578008915305	0.275816122584943	0.9091	0	0
Leaf100	0.0895290579374923	0.158989598811293	0.30354609929078	0.9304	0	0
Leaf102	0.109595915751068	0.192421991084695	0.292655367231638	0.9304	0	0
Leaf104	0.128119169117446	0.207280832095097	0.291231732776618	0.9304	0	0
Leaf106	0.121944751328653	0.231797919762259	0.26	0.9277	0	0
Leaf108	0.143555213589427	0.238484398216939	0.317507418397626	0.9304	0	0
Leaf11	0.13274998245904	0.214710252600297	0.264168190127971	0.9058	0	0
Leaf111	0.197581369241362	0.281575037147103	0.324486301369863	0.9304	0	0
Leaf112	0.0725494090183128	0.153789004457652	0.274900398406374	0.9304	0	0
Leaf113	0.0957034757262849	0.176077265973254	0.285886610373945	0.9304	0	0
Leaf117	0.111139520198266	0.187964338781575	0.323943661971831	0.9304	0	0
Leaf119	0.134293586906239	0.222882615156018	0.275988960441582	0.9252	0	0
Leaf121	0.202212182582957	0.320208023774146	0.28336620644313	0.9252	0	0
Leaf122	0.0895290579374923	0.163447251114413	0.266990291262136	0.9252	0	0
Leaf123	0.128119169117446	0.216939078751857	0.271880819366853	0.9252	0	0
Leaf125	0.203755787030155	0.303120356612184	0.283333333333333	0.9304	0	0
Leaf126	0.138924400247833	0.242199108469539	0.339583333333333	0.9019	0	0
Leaf127	0.101877893515078	0.184992570579495	0.258031088082902	0.9295	0	0
Leaf129	0.197581369241362	0.326151560178306	0.254936120789779	0.9295	0	0
Leaf13	0.171340093638994	0.257800891530461	0.304653204565408	0.9919	1	0
Leaf130	0.267043569365279	0.356612184249629	0.271800679501699	0.9158	0	0
Leaf131	0.0895290579374923	0.161218424962853	0.292059219380888	0.9147	0	0
Leaf137	0.106508706856672	0.167904903417533	0.367479674796748	0.8889	0	0
Leaf139	0.145098818036626	0.25037147102526	0.232093663911846	0.9019	0	0
Leaf141	0.179058115874985	0.291976225854383	0.289823008849558	0.8889	0	0
Leaf145	0.248520315998901	0.354383358098068	0.304987212276215	0.8889	0	0
Leaf148	0.223822644843731	0.343982169390788	0.266398158803222	0.9147	0	0
Leaf15	0.100334289067879	0.208766716196137	0.267364414843007	0.9295	0	0
Leaf151	0.197581369241362	0.293462109955423	0.286439448875997	0.89	0	0
Leaf154	0.169796489191796	0.25408618127786	0.317254174397032	0.89	0	0
Leaf155	0.155904049167013	0.25631500742942	0.292372881355932	0.9396	0	0
Leaf159	0.361203440644366	0.462109955423477	0.282984531392175	0.89	0	0
Leaf16	0.160534862508607	0.25482912332838	0.317592592592593	0.9091	0	0
Leaf160	0.0787238268071053	0.159732540861813	0.340189873417722	0.8886	0	0
Leaf161	0.350398209513979	0.446508172362556	0.295913343180699	0.89	0	0
Leaf164	0.251607524893297	0.362555720653789	0.299570288520565	0.8985	0	0
Leaf168	0.140468004695031	0.237741456166419	0.294388224471021	0.9314	0	0
Leaf17	0.14972963137822	0.25111441307578	0.277504105090312	0.8973	0	0
Leaf171	0.325700538358808	0.433135215453195	0.314116379310345	0.889	0	0
Leaf172	0.171340093638994	0.24888558692422	0.367727771679473	0.8945	0	0
Leaf176	0.169796489191796	0.242199108469539	0.255886970172684	0.8578	0	0
Leaf177	0.163622071403003	0.263001485884101	0.332706766917293	0.9033	0	0
Leaf179	0.226909853738127	0.323179791976226	0.272727272727273	0.89	0	0
Leaf180	0.250063920446099	0.337295690936107	0.298095863427446	0.8293	0	0
Leaf182	0.0756366179127091	0.150074294205052	0.294890510948905	0.9662	0	0
Leaf183	0.146642422483824	0.232540861812779	0.28377153218495	0.89	0	0
Leaf185	0.162078466955805	0.24665676077266	0.317399617590822	0.8945	0	0
Leaf186	0.21610462260774	0.328380386329866	0.297843665768194	0.8945	0	0
Leaf187	0.291741240520449	0.394502228826152	0.278886554621849	0.9625	0	0
Leaf189	0.242345898210109	0.326894502228826	0.27972027972028	0.837	0	0
Leaf191	0.155904049167013	0.25408618127786	0.263685427910563	0.8886	0	0
Leaf194	0.196037764794164	0.294205052005944	0.268839103869654	0.8578	0	0
Leaf196	0.163622071403003	0.257800891530461	0.32159406858202	0.9625	0	0
Leaf198	0.219191831502136	0.357355126300149	0.268265476854434	0.9005	0	0
Leaf2	0.123488355775852	0.231054977711738	0.267872523686477	0.9151	0	0
Leaf20	0.270130778259675	0.383358098068351	0.265432098765432	0.9005	0	0
Leaf201	0.054026155651935	0.102526002971768	0.238754325259516	0.8274	0	0
Leaf202	0.169796489191796	0.25631500742942	0.269110764430577	0.9396	0	0
Leaf203	0.267043569365279	0.36998514115899	0.281514980214811	0.89	0	0
Leaf208	0.155904049167013	0.268945022288262	0.255289139633286	0.9005	0	0
Leaf210	0.226909853738127	0.349182763744428	0.331686661961891	0.8945	0	0
Leaf216	0.100334289067879	0.172362555720654	0.278511404561825	0.8561	0	0
Leaf22	0.0771802223599072	0.148588410104012	0.257400257400257	0.9022	0	0
Leaf220	0.168252884744598	0.271173848439822	0.283385093167702	0.8903	0	0
Leaf222	0.436840058557075	0.537890044576523	0.290879871434311	0.8898	0	0
Leaf225	0.137380795800635	0.230312035661218	0.235920852359209	0.8996	0	0
Leaf226	0.162078466955805	0.263001485884101	0.293289146644573	0.9012	0	0
Leaf23	0.1667092802974	0.277860326894502	0.277037037037037	0.9058	0	0
Leaf230	0.199124973688561	0.317979197622585	0.268506900878294	0.9005	0	0
Leaf231	0.24080229376291	0.345468053491828	0.280797101449275	0.9016	0	0
Leaf233	0.163622071403003	0.258543833580981	0.261261261261261	0.8973	0	0
Leaf234	0.237715084868514	0.337295690936107	0.266275659824047	0.885	0	0
Leaf24	0.129662773564644	0.205052005943536	0.248648648648649	0.9058	0	0
Leaf242	0.109595915751068	0.205794947994056	0.241710296684119	0.9005	0	0
Leaf244	0.140468004695031	0.208766716196137	0.313266443701226	0.8945	0	0
Leaf245	0.134293586906239	0.24739970282318	0.293392070484581	0.8928	0	0
Leaf247	0.273217987154071	0.389301634472511	0.283243243243243	0.8996	0	0
Leaf25	0.118857542434257	0.210252600297177	0.25133214920071	0.9058	0	0
Leaf254	0.385901111799536	0.476968796433878	0.275536480686695	0.8945	0	0
Leaf257	0.112683124645465	0.184249628528975	0.289719626168224	0.9016	0	0
Leaf258	0.131206378011842	0.224368499257058	0.232307692307692	0.8996	0	0
Leaf26	0.171340093638994	0.264487369985141	0.311188811188811	0.9133	0	0
Leaf261	0.13274998245904	0.208766716196137	0.286150712830957	0.89	0	0
Leaf262	0.10805231130387	0.197622585438336	0.298206278026906	0.9396	0	0
Leaf263	0.219191831502136	0.328380386329866	0.299457994579946	0.8945	0	0
Leaf264	0.134293586906239	0.213967310549777	0.254192409532215	0.9018	0	0
Leaf265	0.117313937987059	0.224368499257058	0.266079295154185	0.8886	0	0
Leaf267	0.165165675850201	0.286775631500743	0.256990679094541	0.8903	0	0
Leaf272	0.13274998245904	0.209509658246657	0.271153846153846	0.8928	0	0
Leaf274	0.114226729092663	0.224368499257058	0.231772831926324	0.8886	0	0
Leaf278	0.0926162668318886	0.159732540861813	0.304101838755304	0.8973	0	0
Leaf28	0.206842995924551	0.323922734026746	0.274213836477987	0.9005	0	0
Leaf280	0.123488355775852	0.203566121842496	0.266796494644596	0.9314	0	0
Leaf283	0.251607524893297	0.352154531946508	0.292954264524104	0.8945	0	0
Leaf285	0.200668578135759	0.299405646359584	0.313618677042802	0.8973	0	0
Leaf288	0.205299391477353	0.292719167904903	0.314194577352472	0.89	0	0
Leaf289	0.206842995924551	0.320950965824666	0.28993288590604	0.8928	0	0
Leaf29	0.0848982445958979	0.141158989598811	0.377733598409543	0.9091	0	0
Leaf291	0.27476159160127	0.401188707280832	0.297356828193833	0.8928	0	0
Leaf294	0.162078466955805	0.24665676077266	0.317399617590822	0.8945	0	0
Leaf296	0.317982516122818	0.429420505200594	0.313619099294628	0.8987	0	0
Leaf299	0.186776138110975	0.288261515601783	0.329931972789116	0.8988	0	0
Leaf3	0.250063920446099	0.342496285289747	0.311066126855601	0.8939	0	0
Leaf30	0.28247961383726	0.395245170876672	0.29198682766191	0.9012	0	0
Leaf304	0.311808098334025	0.405646359583952	0.29967069154775	0.8945	0	0
Leaf306	0.217648227054938	0.323922734026746	0.263922518159806	0.9378	0	0
Leaf307	0.273217987154071	0.389301634472511	0.311904761904762	0.8973	0	0
Leaf311	0.148186026931022	0.235512630014859	0.318592964824121	0.9396	0	0
Leaf314	0.358116231749969	0.462109955423477	0.308378780366881	0.889	0	0
Leaf32	0.248520315998901	0.387072808320951	0.294018058690745	0.9091	0	0
Leaf320	0.138924400247833	0.233283803863299	0.278368794326241	0.89	0	0
Leaf321	0.203755787030155	0.309063893016345	0.266666666666667	0.9378	0	0
Leaf324	0.112683124645465	0.182020802377415	0.23972602739726	0.9295	0	0
Leaf325	0.180601720322183	0.266716196136701	0.305531914893617	0.9018	0	0
Leaf326	0.123488355775852	0.223625557206538	0.27338782924614	0.9064	0	0
Leaf33	0.401337156271517	0.5	0.283487784330244	0.9091	0	0
Leaf334	0.271674382706873	0.37147102526003	0.284575981787137	0.8814	0	0
Leaf335	0.228453458185325	0.348439821693908	0.32233676975945	0.8945	0	0
Leaf336	0.311808098334025	0.409361069836553	0.309376754632229	0.8984	0	0
Leaf337	0.151273235825418	0.242199108469539	0.324055666003976	0.885	0	0
Leaf339	0.186776138110975	0.291233283803863	0.255874673629243	0.8973	0	0
Leaf34	0.177514511427787	0.285289747399703	0.265010351966874	0.9012	0	0
Leaf341	0.169796489191796	0.269687964338782	0.243787777031565	0.9378	0	0
Leaf343	0.137380795800635	0.242942050520059	0.288105726872247	0.9012	0	0
Leaf344	0.209930204818948	0.314264487369985	0.328161365399534	0.93	0	0
Leaf347	0.0848982445958979	0.154531946508172	0.321483771251932	0.89	0	0
Leaf351	0.0725494090183128	0.132243684992571	0.324817518248175	0.89	0	0
Leaf354	0.151273235825418	0.257800891530461	0.248211731044349	0.8973	0	0
Leaf357	0.370465067327555	0.488855869242199	0.266396761133603	0.8993	0	0
Leaf359	0.120401146881455	0.206537890044577	0.320276497695853	0.8307	0	0
Leaf361	0.0864418490430961	0.176077265973254	0.305412371134021	0.9198	0	0
Leaf363	0.262412756023684	0.37072808320951	0.261393399685699	0.9314	0	0
Leaf369	0.307177284992431	0.416047548291233	0.308200330214639	0.8907	0	0
Leaf371	0.179058115874985	0.274888558692422	0.275502606105733	0.9378	0	0
Leaf38	0.250063920446099	0.36998514115899	0.261280167890871	0.9012	0	0
Leaf380	0.140468004695031	0.233283803863299	0.33799784714747	0.8936	0	0
Leaf383	0.128119169117446	0.222882615156018	0.234192037470726	0.9378	0	0
Leaf384	0.260869151576486	0.367013372956909	0.251143873919675	0.9378	0	0
Leaf386	0.152816840272616	0.24665676077266	0.258164852255054	0.9396	0	0
Leaf391	0.114226729092663	0.210252600297177	0.260349586016559	0.9396	0	0
Leaf394	0.254694733787694	0.348439821693908	0.276044732195409	0.8331	0	0
Leaf395	0.163622071403003	0.257057949479941	0.279257465698144	0.8814	0	0
Leaf396	0.0725494090183128	0.153046062407132	0.244946492271106	0.9224	0	0
Leaf399	0.160534862508607	0.269687964338782	0.284705882352941	0.9304	0	0
Leaf400	0.101877893515078	0.179049034175334	0.291767554479419	0.8903	0	0
Leaf404	0.126575564670248	0.213967310549777	0.302839116719243	0.8331	0	0
Leaf405	0.177514511427787	0.25334323922734	0.281353135313531	0.8331	0	0
Leaf406	0.367377858433158	0.467310549777117	0.286952554744526	1	1	0
Leaf407	0.253151129340496	0.357355126300149	0.268265476854434	0.9058	0	0
Leaf41	0.154360444719814	0.25111441307578	0.245639534883721	0.8561	0	0
Leaf412	0.28247961383726	0.392273402674591	0.273858921161826	0.8973	0	0
Leaf414	0.135837191353437	0.231797919762259	0.259136212624585	0.9064	0	0
Leaf415	0.398249947377121	0.489598811292719	0.277473684210526	0.8945	0	0
Leaf416	0.172883698086192	0.265973254086181	0.270801815431165	0.9064	0	0
Leaf42	0.128119169117446	0.221396731054978	0.274907749077491	0.9058	0	0
Leaf420	0.112683124645465	0.216939078751857	0.255915863277826	0.9186	0	0
Leaf427	0.109595915751068	0.205794947994056	0.243623570800352	0.9278	0	0
Leaf434	0.290197636073251	0.421991084695394	0.263695450324977	0.9295	0	0
Leaf436	0.171340093638994	0.24962852897474	0.283066554338669	0.89	0	0
Leaf44	0.226909853738127	0.332838038632987	0.287363694676074	0.8945	0	0
Leaf443	0.172883698086192	0.277117384843982	0.31135225375626	0.9357	0	0
Leaf446	0.27476159160127	0.37815750371471	0.322355921469284	0.893	0	0
Leaf453	0.145098818036626	0.2555720653789	0.241065171688858	0.9396	0	0
Leaf454	0.172883698086192	0.282317979197623	0.304731355252606	0.9314	0	0
Leaf456	0.0833546401486998	0.162704309063893	0.334862385321101	0.9252	0	0
Leaf459	0.172883698086192	0.265973254086181	0.270801815431165	0.9064	0	0
Leaf460	0.109595915751068	0.205794947994056	0.244052863436123	0.9278	0	0
Leaf465	0.0926162668318886	0.167904903417533	0.217936354869817	0.9304	0	0
Leaf466	0.0710058045711146	0.140416047548291	0.289877300613497	0.9304	0	0
Leaf469	0.114226729092663	0.197622585438336	0.296213808463252	0.9304	0	0
Leaf48	0.131206378011842	0.219910846953938	0.325632563256326	0.9295	0	0
Leaf49	0.140468004695031	0.213967310549777	0.290030211480363	1	1	0
Leaf5	0.114226729092663	0.184992570579495	0.240579710144928	0.9058	0	0
Leaf50	0.112683124645465	0.222139673105498	0.260452961672474	0.8949	0	0
Leaf51	0.186776138110975	0.290490341753343	0.270588235294118	0.8949	0	0
Leaf53	0.104965102409474	0.203566121842496	0.271018793273986	0.8968	0	0
Leaf58	0.267043569365279	0.36924219910847	0.292697290930507	0.9295	0	0
Leaf61	0.14972963137822	0.265230312035661	0.322202166064982	0.9019	0	0
Leaf62	0.117313937987059	0.190193164933135	0.248302618816683	0.9022	0	0
Leaf64	0.134293586906239	0.219167904903418	0.252784918594687	0.9145	0	0
Leaf67	0.194494160346966	0.288261515601783	0.265753424657534	0.9022	0	0
Leaf68	0.17442730253339	0.261515601783061	0.271604938271605	0.9396	0	0
Leaf69	0.158991258061409	0.258543833580981	0.283849918433931	0.8889	0	0
Leaf7	0.273217987154071	0.389301634472511	0.282175551965536	0.8996	0	0
Leaf70	0.123488355775852	0.210995542347697	0.317673378076063	0.9151	0	0
Leaf72	0.262412756023684	0.364041604754829	0.31390134529148	0.9505	0	0
Leaf75	0.134293586906239	0.209509658246657	0.322285714285714	1	0	1
Leaf76	0.0972470801734831	0.193164933135215	0.304093567251462	0.8886	0	0
Leaf78	0.138924400247833	0.24665676077266	0.288444830582103	0.8903	0	0
Leaf8	0.23308427152692	0.342496285289747	0.302692055154301	0.8945	0	0
Leaf82	0.120401146881455	0.200594353640416	0.286928799149841	0.8346	0	0
Leaf83	0.168252884744598	0.242942050520059	0.253292021688613	0.9255	0	0
Leaf84	0.0879854534902942	0.179791976225854	0.299504950495049	0.8886	0	0
Leaf85	0.118857542434257	0.192421991084695	0.304347826086957	0.9277	0	0
Leaf86	0.160534862508607	0.24517087667162	0.303867403314917	0.9277	0	0
Leaf87	0.0509389467575388	0.115898959881129	0.301158301158301	0.9304	0	0
Leaf88	0.131206378011842	0.221396731054978	0.235201262825572	0.9304	0	0
Leaf89	0.142011609142229	0.241456166419019	0.231481481481481	0.9304	0	0
Leaf9	0.13274998245904	0.214710252600297	0.264168190127971	0.9058	0	0
Leaf90	0.109595915751068	0.202080237741456	0.238805970149254	0.9252	0	0
Leaf91	0.0833546401486998	0.171619613670134	0.34020618556701	0.9277	0	0
Leaf92	0.121944751328653	0.216939078751857	0.272897196261682	0.9252	0	0
Leaf93	0.104965102409474	0.193907875185736	0.277659574468085	0.9277	0	0
Leaf94	0.0802674312543035	0.169390787518574	0.299605781865966	0.9304	0	0
Leaf99	0.287110427178855	0.403417533432392	0.286543535620053	0.9304	0	0
Root100	0.112683124645465	0.195393759286776	0.328339575530587	0.9278	0	0
Root101	0.128119169117446	0.222882615156018	0.295275590551181	0.8945	0	0
Root102	0.103421497962276	0.179791976225854	0.273446327683616	0.9318	0	0
Root105	0.13274998245904	0.263001485884101	0.242631939684716	0.9279	0	0
Root107	0.109595915751068	0.196136701337296	0.313912009512485	0.8959	0	0
Root11	0.307177284992431	0.423476968796434	0.293663060278207	0.9837	1	0
Root112D2	0.398249947377121	0.50520059435364	0.298507462686567	0.8945	0	0
Root1203	0.171340093638994	0.268945022288262	0.293354943273906	0.9378	0	0
Root1204	0.117313937987059	0.219167904903418	0.240228013029316	0.9396	0	0
Root1212	0.228453458185325	0.350668647845468	0.270797475616753	0.9378	0	0
Root1217	0.196037764794164	0.297919762258544	0.263815789473684	0.8886	0	0
Root122	0.128119169117446	0.212481426448737	0.320987654320988	0.8954	0	0
Root1220	0.123488355775852	0.216939078751857	0.260481712756467	0.9378	0	0
Root1221	0.0463081334159443	0.113670133729569	0.278181818181818	0.8845	0	0
Root1237	0.157447653614211	0.260029717682021	0.251436781609195	0.8887	0	0
Root1238	0.0679185956767183	0.132986627043091	0.260553129548763	0.8845	0	0
Root123D2	0.246976711551703	0.357355126300149	0.259159482758621	0.9224	0	0
Root1240	0.23308427152692	0.353640416047548	0.271534512264689	0.9396	0	0
Root1252	0.135837191353437	0.222882615156018	0.255754475703325	0.9378	0	0
Root1257	0.152816840272616	0.264487369985141	0.267870579382995	0.8973	0	0
Root127	0.214561018160542	0.317236255572065	0.264069264069264	0.9378	0	0
Root1272	0.101877893515078	0.191679049034175	0.309723889555822	0.8887	0	0
Root1277	0.183688929216579	0.297919762258544	0.247225647348952	0.9302	0	0
Root1279	0.13274998245904	0.210995542347697	0.239460370994941	0.9314	0	0
Root1280	0.12503196022305	0.204309063893016	0.244661921708185	0.9154	0	0
Root1290	0.301002867203638	0.420505200594354	0.247377622377622	0.9302	0	0
Root1293	0.364290649538762	0.461367013372957	0.291549295774648	0.9018	0	0
Root1294	0.142011609142229	0.25260029717682	0.233998623537509	0.8979	0	0
Root1295	0.189863347005372	0.293462109955423	0.264567983924983	0.8996	0	0
Root1298	0.106508706856672	0.189450222882615	0.296511627906977	0.9378	0	0
Root1304	0.168252884744598	0.283060921248143	0.286036036036036	0.9026	0	0
Root131	0.370465067327555	0.485141158989599	0.285776805251641	0.9837	1	0
Root1310	0.23308427152692	0.360326894502229	0.270496374790853	0.8993	0	0
Root1312	0.0818110357015016	0.152303120356612	0.249088699878493	0.9378	0	0
Root1319	0.157447653614211	0.268945022288262	0.289368505195843	0.8996	0	0
Root133	0.0787238268071053	0.132243684992571	0.293245469522241	0.9019	0	0
Root1334	0.217648227054938	0.334323922734027	0.263774912075029	0.9396	0	0
Root135	0.250063920446099	0.37072808320951	0.250502008032129	0.8863	0	0
Root136	0.327244142806006	0.443536404160475	0.280281690140845	0.8872	0	0
Root137	0.294828449414845	0.395988112927192	0.270146984287886	0.8814	0	0
Root140	0.186776138110975	0.290490341753343	0.23639661426844	0.8942	0	0
Root142	0.109595915751068	0.199851411589896	0.27116935483871	0.9378	0	0
Root1423	0.117313937987059	0.190936106983655	0.341755319148936	0.9314	0	0
Root1433D1	0.196037764794164	0.267459138187221	0.326382592928377	0.89	0	0
Root1444	0.19140695145257	0.291976225854383	0.256360078277886	0.8889	0	0
Root1455	0.134293586906239	0.243684992570579	0.269515201314708	0.9233	0	0
Root1462	0.367377858433158	0.481426448736999	0.265247646336472	0.938	0	0
Root1464	0.333418560594799	0.451708766716196	0.325133689839572	0.8937	0	0
Root147	0.461537729712245	0.574294205052006	0.298455598455598	1	0	0
Root1471	0.514020280916982	0.606983655274889	0.26928147659855	0.9373	0	0
Root1472	0.114226729092663	0.208766716196137	0.237130801687764	0.9233	0	0
Root1480D1	0.101877893515078	0.176077265973254	0.319407008086253	0.9019	0	0
Root1485	0.155904049167013	0.25482912332838	0.273961661341853	0.9019	0	0
Root149	0.169796489191796	0.257800891530461	0.258376768428891	0.9378	0	0
Root1497	0.226909853738127	0.323922734026746	0.244120940649496	0.9072	0	0
Root151	0.208386600371749	0.326151560178306	0.285435630689207	0.8942	0	0
Root154	0.271674382706873	0.410846953937593	0.256018518518519	0.9072	0	0
Root157	0.106508706856672	0.205794947994056	0.239205526770294	0.9318	0	0
Root166	0.21610462260774	0.316493313521545	0.307803468208093	0.89	0	0
Root16D2	0.10805231130387	0.222882615156018	0.305498981670061	0.8845	0	0
Root170	0.155904049167013	0.271173848439822	0.288309636650869	0.903	0	0
Root172	0.196037764794164	0.297919762258544	0.241711874623267	0.9373	0	0
Root179	0.0957034757262849	0.162704309063893	0.244692737430168	0.9151	0	0
Root180	0.245433107104505	0.345468053491828	0.300776196636481	0.89	0	0
Root181	0.188319742558174	0.291233283803863	0.251766217084136	0.8945	0	0
Root186	0.154360444719814	0.24517087667162	0.276845637583893	0.8346	0	0
Root187	0.10805231130387	0.193907875185736	0.316747572815534	0.8959	0	0
Root189	0.0447645289687462	0.108469539375929	0.235104669887279	0.903	0	0
Root190	0.126575564670248	0.193907875185736	0.27677624602333	0.8914	0	0
Root198D2	0.0771802223599072	0.150817236255572	0.293352601156069	0.9019	0	0
Root209	0.140468004695031	0.224368499257058	0.304128902316213	0.8903	0	0
Root214	0.271674382706873	0.410846953937593	0.256374594343996	0.9072	0	0
Root217	0.171340093638994	0.268202080237741	0.309605488850772	0.8903	0	0
Root219	0.100334289067879	0.184992570579495	0.271537622682661	0.8903	0	0
Root22	0.140468004695031	0.228083209509658	0.321129707112971	0.8865	0	0
Root224	0.152816840272616	0.264487369985141	0.267870579382995	0.8973	0	0
Root227	0.155904049167013	0.257057949479941	0.266975308641975	0.8984	0	0
Root231	0.142011609142229	0.232540861812779	0.254264825345248	0.9378	0	0
Root236	0.500127840892199	0.583952451708767	0.289929915160457	0.8928	0	0
Root239	0.211473809266146	0.308320950965825	0.300724637681159	1	1	0
Root240	0.106508706856672	0.195393759286776	0.307242990654206	0.8875	0	0
Root241	0.350398209513979	0.445022288261516	0.272520473157416	0.8973	0	0
Root258	0.13274998245904	0.220653789004458	0.307772020725389	0.9378	0	0
Root264	0.103421497962276	0.169390787518574	0.28643216080402	0.8993	0	0
Root265	0.0987906846206812	0.191679049034175	0.288590604026846	0.8975	0	0
Root267	0.143555213589427	0.236998514115899	0.263854425144748	0.8903	0	0
Root268	0.228453458185325	0.350668647845468	0.270797475616753	0.9378	0	0
Root274	0.23308427152692	0.353640416047548	0.271534512264689	0.9396	0	0
Root275	0.225366249290929	0.331352154531946	0.253121452894438	0.8903	0	0
Root278	0.129662773564644	0.222139673105498	0.263436123348018	0.9378	0	0
Root280D1	0.17442730253339	0.267459138187221	0.26865671641791	0.89	0	0
Root29	0.114226729092663	0.231797919762259	0.304390243902439	0.8845	0	0
Root31	0.0524825512047369	0.12407132243685	0.260530421216849	0.9378	0	0
Root318D1	0.109595915751068	0.209509658246657	0.321550741163056	0.8903	0	0
Root322	0.217648227054938	0.297919762258544	0.325487012987013	0.89	0	0
Root329	0.109595915751068	0.205794947994056	0.358344113842173	0.9295	0	0
Root332	0.307177284992431	0.420505200594354	0.332549941245593	0.9067	0	0
Root335	0.0756366179127091	0.12630014858841	0.212765957446809	0.9019	0	0
Root336D2	0.131206378011842	0.225111441307578	0.260309278350515	0.9019	0	0
Root342	0.265499964918081	0.392273402674591	0.24765478424015	0.9274	0	0
Root343	0.175970906980588	0.294205052005944	0.230232558139535	0.9274	0	0
Root344	0.487779005314613	0.571322436849926	0.28397341211226	0.8928	0	0
Root351	0.172883698086192	0.277117384843982	0.266809728183119	0.9019	0	0
Root369	0.0864418490430961	0.161218424962853	0.252325581395349	0.9024	0	0
Root381	0.120401146881455	0.201337295690936	0.298458149779736	0.93	0	0
Root4	0.203755787030155	0.312035661218425	0.312732688011914	0.8963	0	0
Root401	0.0725494090183128	0.156017830609212	0.304789550072569	0.9295	0	0
Root402	0.172883698086192	0.266716196136701	0.257163323782235	0.8903	0	0
Root404	0.239258689315712	0.37295690936107	0.27935447968837	0.8845	0	0
Root405	0.171340093638994	0.271916790490342	0.260683760683761	0.8889	0	0
Root411	0.183688929216579	0.289747399702823	0.260695187165775	0.8903	0	0
Root413D1	0.134293586906239	0.220653789004458	0.262367491166078	0.9279	0	0
Root418	0.126575564670248	0.222882615156018	0.24232633279483	0.9019	0	0
Root420	0.126575564670248	0.212481426448737	0.289180990899899	0.8346	0	0
Root423	0.106508706856672	0.199851411589896	0.295929592959296	0.9378	0	0
Root431	0.109595915751068	0.204309063893016	0.269607843137255	0.9026	0	0
Root434	0.169796489191796	0.278603268945022	0.255798090040928	0.8903	0	0
Root436	0.160534862508607	0.25260029717682	0.241477272727273	0.9244	0	0
Root444D2	0.13274998245904	0.211738484398217	0.280511811023622	0.9344	0	0
Root456	0.10805231130387	0.191679049034175	0.277717976318622	0.8898	0	0
Root472D3	0.433752849662678	0.520802377414562	0.288953009068425	0.8914	0	0
Root473	0.234627875974118	0.364041604754829	0.254017625712805	0.8903	0	0
Root480	0.243889502657307	0.338038632986627	0.272455089820359	0.9151	0	0
Root482	0.0957034757262849	0.180534918276374	0.235237173281704	0.9396	0	0
Root483D1	0.200668578135759	0.326151560178306	0.263822115384615	0.93	0	0
Root483D2	0.129662773564644	0.207280832095097	0.298715203426124	0.9396	0	0
Root485	0.25778194268209	0.351411589895988	0.273094688221709	0.8814	0	0
Root487D2Y	0.205299391477353	0.341010401188707	0.253451131971287	0.9233	0	0
Root491	0.220735435949335	0.311292719167905	0.266539440203562	0.9396	0	0
Root494	0.194494160346966	0.286775631500743	0.283406754772394	0.9107	0	0
Root495	0.439927267451471	0.533432392273403	0.315188762071993	0.8914	0	0
Root50	0.0957034757262849	0.174591381872214	0.209447415329768	0.8979	0	0
Root52	0.101877893515078	0.173848439821694	0.311584553928096	0.9464	0	0
Root53	0.104965102409474	0.170876671619614	0.328571428571429	0.89	0	0
Root55	0.135837191353437	0.236255572065379	0.284691136974038	0.8996	0	0
Root552	0.0987906846206812	0.161961367013373	0.256169212690952	0.9318	0	0
Root553	0.401337156271517	0.4962852897474	0.302810516772439	0.89	0	0
Root554	0.512476676469784	0.604754829123328	0.268824306472919	0.9373	0	0
Root558	0.182145324769381	0.293462109955423	0.318805488297014	0.9378	0	0
Root559	0.0926162668318886	0.173105497771174	0.354103343465046	0.9107	0	0
Root561	0.214561018160542	0.304606240713224	0.277214334009466	0.9151	0	0
Root562	0.0771802223599072	0.151560178306092	0.293525179856115	0.9295	0	0
Root563	0.44918889413466	0.546805349182764	0.297373737373737	0.8945	0	0
Root564	0.140468004695031	0.240713224368499	0.286472148541114	0.9396	0	0
Root565	0.327244142806006	0.473997028231798	0.257361839451392	0.903	0	0
Root568	0.0787238268071053	0.168647845468054	0.243301178992497	0.8903	0	0
Root569	0.0771802223599072	0.141901931649331	0.259510869565217	0.9295	0	0
Root60	0.364290649538762	0.461367013372957	0.291549295774648	0.9018	0	0
Root604	0.217648227054938	0.319465081723626	0.26219512195122	0.9102	0	0
Root608	0.214561018160542	0.319465081723626	0.257023311416617	0.9314	0	0
Root61	0.404424365165914	0.509658246656761	0.303808680248007	0.89	0	0
Root614	0.267043569365279	0.37741456166419	0.270356572645024	0.8914	0	0
Root627	0.248520315998901	0.343982169390788	0.272513243084167	0.9151	0	0
Root63	0.17442730253339	0.294205052005944	0.278481012658228	0.8996	0	0
Root630	0.115770333539861	0.195393759286776	0.239963503649635	0.9147	0	0
Root635	0.0663749912295202	0.11961367013373	0.331275720164609	0.9244	0	0
Root65	0.304090076098034	0.397473997028232	0.269793242561775	0.9147	0	0
Root651	0.19140695145257	0.279346210995542	0.265349329569513	0.9396	0	0
Root655	0.17442730253339	0.280832095096582	0.253351206434316	0.9233	0	0
Root656	0.121944751328653	0.192421991084695	0.208032128514056	0.9233	0	0
Root662	0.171340093638994	0.271916790490342	0.260683760683761	0.8889	0	0
Root667	0.143555213589427	0.225854383358098	0.352668213457077	0.9107	0	0
Root66D1	0.168252884744598	0.283060921248143	0.286036036036036	0.9026	0	0
Root670	0.19140695145257	0.303863298662704	0.283437283437283	0.93	0	0
Root672	0.302546471650836	0.410846953937593	0.260112888052681	0.9167	0	0
Root68	0.155904049167013	0.285289747399703	0.25380039656312	0.9295	0	0
Root682	0.27476159160127	0.381872213967311	0.27181385510312	0.8914	0	0
Root685	0.284023218284458	0.387815750371471	0.267967145790554	0.9265	0	0
Root690	0.126575564670248	0.206537890044577	0.261278195488722	0.9107	0	0
Root695	0.0632877823351239	0.12258543833581	0.220293724966622	0.9318	0	0
Root70	0.0740930134655109	0.134472511144131	0.292407108239095	0.8886	0	0
Root700	0.120401146881455	0.203566121842496	0.223308883455583	0.9302	0	0
Root708	0.12503196022305	0.200594353640416	0.318021201413428	0.9378	0	0
Root71	0.134293586906239	0.234026745913819	0.363321799307958	0.9295	0	0
Root710	0.254694733787694	0.383358098068351	0.263131055583886	0.8979	0	0
Root720	0.157447653614211	0.286775631500743	0.240498442367601	0.8979	0	0
Root73	0.157447653614211	0.243684992570579	0.258675078864353	0.9396	0	0
Root74	0.0910726623846905	0.165676077265973	0.272616136919315	0.9378	0	0
Root76	0.138924400247833	0.238484398216939	0.291553133514986	0.9107	0	0
Root77	0.301002867203638	0.421248142644874	0.264582361175922	0.9302	0	0
Root79	0.109595915751068	0.206537890044577	0.274703557312253	0.8875	0	0
Root81	0.253151129340496	0.351411589895988	0.303010890454837	0.8937	0	0
Root83	0.140468004695031	0.25631500742942	0.261958997722096	0.903	0	0
Root85	0.129662773564644	0.225111441307578	0.262564991334489	0.8945	0	0
Root9	0.114226729092663	0.197622585438336	0.23050259965338	0.9295	0	0
Root901	0.192950555899768	0.289004457652303	0.282498184458969	0.8326	0	0
Root916	0.206842995924551	0.304606240713224	0.266060999351071	0.9102	0	0
Root918	0.145098818036626	0.231054977711738	0.271378708551483	0.8865	0	0
Root920	0.338049373936394	0.447994056463596	0.273097826086957	1	1	0
Root930	0.398249947377121	0.491084695393759	0.286271113035946	0.8814	0	0
Root935	0.209930204818948	0.313521545319465	0.288448393711552	0.8346	0	0
Root954	0.135837191353437	0.227340267459138	0.255212677231026	0.9378	0	0
Root96	0.189863347005372	0.280089153046062	0.274581209031318	0.9107	0	0
Root983	0.146642422483824	0.242942050520059	0.245864661654135	0.9102	0	0
Soil522	0.12503196022305	0.196136701337296	0.331658291457286	0.9505	0	0
Soil531	0.472342960842632	0.584695393759287	0.29542042042042	1	0	1
Soil535	0.0848982445958979	0.150817236255572	0.262953367875648	0.8937	0	0
Soil538	0.23308427152692	0.350668647845468	0.257501363884343	0.8949	0	0
Soil724D2	0.121944751328653	0.191679049034175	0.271578947368421	0.9344	0	0
Soil728	0.101877893515078	0.179049034175334	0.253951527924131	0.8945	0	0
Soil729	0.222279040396533	0.315007429420505	0.324159021406728	0.8988	0	0
Soil736	0.0910726623846905	0.157503714710253	0.291208791208791	0.885	0	0
Soil745	0.158991258061409	0.262258543833581	0.282626100880705	0.992	1	0
Soil748	0.152816840272616	0.2481426448737	0.307267709291628	0.8945	0	0
Soil750	0.171340093638994	0.2555720653789	0.346076458752515	0.9344	0	0
Soil756	0.273217987154071	0.37369985141159	0.30802204531537	0.903	0	0
Soil761	0.100334289067879	0.185735512630015	0.33288948069241	0.8889	0	0
Soil762	0.171340093638994	0.274888558692422	0.32258064516129	0.8889	0	0
Soil763	0.225366249290929	0.346953937592868	0.30090206185567	0.885	0	0
Soil764	0.118857542434257	0.202080237741456	0.283038501560874	0.8889	0	0
Soil766	0.0138924400247833	0.0401188707280832	0.305084745762712	0.9344	0	0
Soil768D1	0.10805231130387	0.196879643387816	0.320048309178744	0.9921	1	0
Soil772	0.209930204818948	0.294947994056464	0.26084099868594	0.9151	0	0
Soil773	0.103421497962276	0.201337295690936	0.289529914529915	0.9151	0	0
Soil774	0.138924400247833	0.238484398216939	0.353914002205072	0.8954	0	0
Soil777	0.104965102409474	0.184249628528975	0.285057471264368	0.8973	0	0
Soil782	0.243889502657307	0.341010401188707	0.309925725860905	0.885	0	0
Soil787	0.0941598712790868	0.170133729569094	0.28732747804266	0.9344	0	0
Soil796	0.165165675850201	0.272659732540862	0.251542152159013	0.8942	0	0
Soil797	0.0941598712790868	0.158989598811293	0.3424	0.8942	0	0
Soil802	0.121944751328653	0.202080237741456	0.300884955752212	0.8945	0	0
Soil803	0.509389467575388	0.613670133729569	0.308669656203289	0.8945	0	0
Soil805	0.297915658309242	0.387072808320951	0.302379570516541	0.8973	0	0
Soil809	0.304090076098034	0.418276374442793	0.333333333333333	0.9067	0	0
Soil810	0.270130778259675	0.384843982169391	0.279546681057744	0.8945	0	0
Soil811	0.157447653614211	0.270430906389302	0.32212389380531	0.8945	0	0
