Row	p_EC	sensitivity	precision	relation	genus	species
Leaf1	0.73470246612238	0.422114608555287	0.281182795698925	0.8725	0	0
Leaf10	0.5247874758017	0.322841000807102	0.266489007328448	0.9331	0	0
Leaf100	0.246107230031142	0.173527037933818	0.304964539007092	0.9908	1	0
Leaf102	0.307634037538928	0.208232445520581	0.291525423728814	0.9908	1	0
Leaf104	0.380018516959852	0.260694108151735	0.337160751565762	0.9908	1	0
Leaf106	0.329349381365205	0.238095238095238	0.245833333333333	0.9921	1	0
Leaf108	0.398114636815083	0.252623083131558	0.309594460929772	0.9908	1	0
Leaf11	0.372780069017759	0.236481033091203	0.26782449725777	0.9298	0	0
Leaf111	0.506691355946469	0.311541565778854	0.330479452054795	0.9908	1	0
Leaf112	0.202676542378588	0.155770782889427	0.256308100929615	0.9908	0	0
Leaf113	0.253345677973235	0.181598062953995	0.271411338962606	0.9908	1	0
Leaf117	0.304014813567881	0.211460855528652	0.335467349551857	0.9908	1	0
Leaf119	0.387256964901944	0.265536723163842	0.302667893284269	1	0	1
Leaf121	0.618887299048901	0.379338175948345	0.309007232084155	1	0	1
Leaf122	0.249726454002188	0.184826472962066	0.277912621359223	1	0	1
Leaf123	0.387256964901944	0.263922518159806	0.304469273743017	1	1	0
Leaf125	0.546502819627977	0.333333333333333	0.286805555555556	0.9908	1	0
Leaf126	0.332968605336251	0.239709443099274	0.309375	0.8855	0	0
Leaf127	0.23886878208905	0.178369652945924	0.229015544041451	0.9131	0	0
Leaf129	0.499452908004377	0.339790153349475	0.244483159117305	0.9131	0	0
Leaf13	0.358303173133575	0.243744955609362	0.265144863915716	0.9201	0	0
Leaf130	0.60079117919367	0.365617433414044	0.256511891279728	0.8995	0	0
Leaf131	0.217153438262772	0.16545601291364	0.275908479138627	0.8982	0	0
Leaf137	0.188199646494403	0.146085552865214	0.294308943089431	0.8724	0	0
Leaf139	0.365541621075667	0.259887005649718	0.221763085399449	0.8855	0	0
Leaf141	0.398114636815083	0.273607748184019	0.25	0.8724	0	0
Leaf145	0.477737564178099	0.320419693301049	0.25383631713555	0.8724	0	0
Leaf148	0.560979715512162	0.357546408393866	0.254890678941312	0.8982	0	0
Leaf15	0.267822573857419	0.213882163034705	0.252140818268316	0.9131	0	0
Leaf151	0.430687652554499	0.282485875706215	0.253807106598985	0.8736	0	0
Leaf154	0.408972308728221	0.253430185633575	0.291280148423006	0.8735	0	0
Leaf155	0.354683949162528	0.25181598062954	0.264406779661017	0.97	0	0
Leaf159	0.825183065398535	0.453591606133979	0.255686988171065	0.8736	0	0
Leaf16	0.39087618887299	0.255044390637611	0.292592592592593	0.9331	0	0
Leaf160	0.188199646494403	0.160613397901534	0.314873417721519	0.8722	0	0
Leaf161	0.687652554498779	0.415657788539144	0.253569670113245	0.8736	0	0
Leaf164	0.568218163454255	0.355125100887813	0.270104358502149	0.8821	0	0
Leaf168	0.376399292988806	0.264729620661824	0.301747930082797	0.9553	0	0
Leaf17	0.351064725191482	0.255851493139629	0.260262725779967	0.9213	0	0
Leaf171	0.727464018180288	0.419693301049233	0.280172413793103	0.8725	0	0
Leaf172	0.34382627724939	0.239709443099274	0.326015367727772	0.8781	0	0
Leaf176	0.445164548438684	0.263115415657789	0.255886970172684	0.8415	0	0
Leaf177	0.405353084757175	0.275221953188055	0.320488721804511	0.8869	0	0
Leaf179	0.492214460062284	0.310734463276836	0.241379310344828	0.8736	0	0
Leaf180	0.564598939483208	0.344632768361582	0.280367695338148	0.813	0	0
Leaf182	0.177341974581264	0.142857142857143	0.258394160583942	0.9234	0	0
Leaf183	0.336587829307297	0.227602905569007	0.255666364460562	0.8735	0	0
Leaf185	0.322110933423112	0.225988700564972	0.267686424474187	0.8781	0	0
Leaf186	0.499452908004377	0.315577078288943	0.263477088948787	0.8781	0	0
Leaf187	0.62974497096204	0.378531073446328	0.246323529411765	0.9135	0	0
Leaf189	0.560979715512162	0.326069410815174	0.256834075015893	0.8207	0	0
Leaf191	0.380018516959852	0.250201775625504	0.239013107170393	0.8722	0	0
Leaf194	0.463260668293915	0.301049233252623	0.253224711473184	0.8415	0	0
Leaf196	0.304014813567881	0.223567393058918	0.256719184430028	0.9135	0	0
Leaf198	0.513929803888561	0.349475383373688	0.241494701617401	0.9246	0	0
Leaf2	0.31487248548102	0.236481033091203	0.252368647717485	0.9391	0	0
Leaf20	0.676794882585641	0.394673123486683	0.251543209876543	0.9246	0	0
Leaf201	0.123053615015571	0.105730427764326	0.226643598615917	0.8111	0	0
Leaf202	0.427068428583453	0.271993543179984	0.262870514820593	0.97	0	0
Leaf203	0.564598939483208	0.355125100887813	0.248728094968909	0.8736	0	0
Leaf208	0.361922397104621	0.267958030669895	0.234132581100141	0.9246	0	0
Leaf210	0.452402996380776	0.310734463276836	0.271700776287932	0.8781	0	0
Leaf216	0.246107230031142	0.178369652945924	0.26530612244898	0.8398	0	0
Leaf22	0.20991499032068	0.144471347861178	0.23037323037323	0.9262	0	0
Leaf220	0.408972308728221	0.279257465698144	0.268633540372671	0.8739	0	0
Leaf222	0.937379008500968	0.509281678773204	0.253515468059462	0.8733	0	0
Leaf225	0.275061021799512	0.200161420500404	0.188736681887367	0.8832	0	0
Leaf226	0.398114636815083	0.2590799031477	0.265948632974316	0.9252	0	0
Leaf23	0.412591532699268	0.277643260694108	0.254814814814815	0.9298	0	0
Leaf230	0.452402996380776	0.309927360774818	0.24090338770389	0.9246	0	0
Leaf231	0.589933507280532	0.348668280871671	0.260869565217391	0.9255	0	0
Leaf233	0.340207053278343	0.246166263115416	0.228978978978979	0.8809	0	0
Leaf234	0.474118340207053	0.315577078288943	0.229325513196481	0.8685	0	0
Leaf24	0.296776365625789	0.213075060532688	0.237837837837838	0.9298	0	0
Leaf242	0.293157141654743	0.203389830508475	0.219895287958115	0.9246	0	0
Leaf244	0.282299469741604	0.201775625504439	0.278706800445931	0.8781	0	0
Leaf245	0.300395589596835	0.231638418079096	0.252863436123348	0.8764	0	0
Leaf247	0.640602642875179	0.396287328490718	0.265405405405405	0.8832	0	0
Leaf25	0.300395589596835	0.213882163034705	0.235346358792185	0.9298	0	0
Leaf254	0.843279185253766	0.461662631154157	0.24549356223176	0.8781	0	0
Leaf257	0.249726454002188	0.185633575464084	0.268691588785047	0.9255	0	0
Leaf258	0.271441797828466	0.196125907990315	0.186923076923077	0.8832	0	0
Leaf26	0.408972308728221	0.263922518159806	0.285839160839161	0.9373	0	0
Leaf261	0.322110933423112	0.208232445520581	0.262729124236253	0.8735	0	0
Leaf262	0.217153438262772	0.171105730427764	0.237668161434978	0.97	0	0
Leaf263	0.517549027859608	0.321226795803067	0.269647696476965	0.8781	0	0
Leaf264	0.354683949162528	0.230024213075061	0.251544571932921	0.8855	0	0
Leaf265	0.34382627724939	0.250201775625504	0.273127753303965	0.8722	0	0
Leaf267	0.401733860786129	0.282485875706215	0.233022636484687	0.8739	0	0
Leaf272	0.282299469741604	0.202582728006457	0.241346153846154	0.8764	0	0
Leaf274	0.256964901944281	0.201775625504439	0.191864927091328	0.8722	0	0
Leaf278	0.199057318407541	0.151735270379338	0.265912305516266	0.8809	0	0
Leaf28	0.546502819627977	0.343825665859564	0.267924528301887	0.9246	0	0
Leaf280	0.329349381365205	0.230024213075061	0.277507302823759	0.9553	0	0
Leaf283	0.488595236091238	0.31638418079096	0.242274412855377	0.8781	0	0
Leaf285	0.459641444322868	0.290556900726392	0.280155642023346	0.8809	0	0
Leaf288	0.492214460062284	0.297013720742534	0.293460925039872	0.8736	0	0
Leaf289	0.470499116236007	0.313155770782889	0.260402684563758	0.8764	0	0
Leaf29	0.195438094436495	0.138014527845036	0.339960238568588	0.9331	0	0
Leaf291	0.608029627135763	0.388216303470541	0.264867841409692	0.8764	0	0
Leaf294	0.322110933423112	0.225988700564972	0.267686424474187	0.8781	0	0
Leaf296	0.723844794209242	0.418886198547215	0.281606077048291	0.8823	0	0
Leaf299	0.39087618887299	0.26634382566586	0.280612244897959	0.8824	0	0
Leaf3	0.575456611396347	0.344632768361582	0.288124156545209	0.8775	0	0
Leaf30	0.731083242151334	0.422114608555287	0.287047200878156	0.9252	0	0
Leaf304	0.698510226411918	0.397901533494754	0.270581778265642	0.8781	0	0
Leaf306	0.510310579917515	0.332526230831316	0.249394673123487	0.9682	0	0
Leaf307	0.608029627135763	0.371267150928168	0.273809523809524	0.8809	0	0
Leaf311	0.380018516959852	0.263922518159806	0.328643216080402	0.97	0	0
Leaf314	0.781752377745981	0.44229217110573	0.271690629647992	0.8725	0	0
Leaf32	0.593552731251578	0.380145278450363	0.265801354401806	0.9331	0	0
Leaf320	0.271441797828466	0.216303470540759	0.23758865248227	0.8736	0	0
Leaf321	0.503072131975423	0.326876513317191	0.259615384615385	0.9682	0	0
Leaf324	0.242488006060096	0.183212267958031	0.222113502935421	0.9535	0	0
Leaf325	0.387256964901944	0.263115415657789	0.277446808510638	0.8855	0	0
Leaf326	0.300395589596835	0.223567393058918	0.251589464123524	0.8938	0	0
Leaf33	1.00614426395085	0.518159806295399	0.270429654591407	0.9331	0	0
Leaf334	0.593552731251578	0.351089588377724	0.247581104154809	0.865	0	0
Leaf335	0.44878377240973	0.308313155770783	0.26254295532646	0.8781	0	0
Leaf336	0.655079538759364	0.38498789346247	0.267827063447501	0.8819	0	0
Leaf337	0.28591869371265	0.217110573042776	0.267395626242545	0.8685	0	0
Leaf339	0.470499116236007	0.297820823244552	0.240861618798956	0.9213	0	0
Leaf34	0.459641444322868	0.308313155770783	0.263630089717046	0.9252	0	0
Leaf341	0.405353084757175	0.273607748184019	0.227669576897246	0.9682	0	0
Leaf343	0.347445501220436	0.243744955609362	0.266079295154185	0.9252	0	0
Leaf344	0.564598939483208	0.358353510895884	0.344453064391001	0.9722	1	0
Leaf347	0.202676542378588	0.154963680387409	0.296754250386399	0.8736	0	0
Leaf351	0.18096119855231	0.138014527845036	0.312043795620438	0.8736	0	0
Leaf354	0.372780069017759	0.250201775625504	0.221745350500715	0.8809	0	0
Leaf357	0.940998232472014	0.506860371267151	0.254251012145749	0.9233	0	0
Leaf359	0.260584125915327	0.200161420500404	0.285714285714286	0.8144	0	0
Leaf361	0.267822573857419	0.209846650524617	0.335051546391753	0.9842	1	0
Leaf363	0.676794882585641	0.395480225988701	0.256678889470927	0.9553	0	0
Leaf369	0.70574867435401	0.411622276029056	0.280682443588332	0.8741	0	0
Leaf371	0.41982998064136	0.278450363196126	0.256887565152643	0.9682	0	0
Leaf38	0.62974497096204	0.393058918482647	0.255508919202518	0.9252	0	0
Leaf380	0.365541621075667	0.242937853107345	0.324004305705059	0.877	0	0
Leaf383	0.289537917683697	0.217917675544794	0.210772833723653	0.9682	0	0
Leaf384	0.636983418904133	0.381759483454399	0.240467717336045	0.9682	0	0
Leaf386	0.372780069017759	0.253430185633575	0.244167962674961	0.97	0	0
Leaf391	0.260584125915327	0.202582728006457	0.230910763569457	0.97	0	0
Leaf394	0.618887299048901	0.365617433414044	0.266627427898764	0.8168	0	0
Leaf395	0.365541621075667	0.242937853107345	0.242937853107345	0.865	0	0
Leaf396	0.18096119855231	0.154963680387409	0.228299643281807	0.9768	0	0
Leaf399	0.459641444322868	0.294592413236481	0.286274509803922	0.9908	1	0
Leaf400	0.293157141654743	0.194511702986279	0.291767554479419	0.8739	0	0
Leaf404	0.307634037538928	0.220338983050847	0.287066246056782	0.8168	0	0
Leaf405	0.405353084757175	0.257465698143664	0.263201320132013	0.8168	0	0
Leaf406	0.745560138035519	0.418079096045198	0.236313868613139	0.9252	0	0
Leaf407	0.626125746990994	0.368845843422115	0.254880089235917	0.9298	0	0
Leaf41	0.369160845046713	0.261501210653753	0.23546511627907	0.8398	0	0
Leaf412	0.70574867435401	0.403551251008878	0.259336099585062	0.9213	0	0
Leaf414	0.361922397104621	0.250201775625504	0.257475083056478	0.8899	0	0
Leaf415	0.86861375305109	0.473769168684423	0.247157894736842	0.8781	0	0
Leaf416	0.445164548438684	0.285714285714286	0.267776096822995	0.8899	0	0
Leaf42	0.329349381365205	0.224374495560936	0.256457564575646	0.9298	0	0
Leaf420	0.253345677973235	0.204196933010492	0.221735319894829	0.9426	0	0
Leaf427	0.246107230031142	0.200161420500404	0.218117854001759	0.9518	0	0
Leaf434	0.716606346267149	0.434221146085553	0.249767873723305	0.9131	0	0
Leaf436	0.387256964901944	0.252623083131558	0.2636899747262	0.8736	0	0
Leaf44	0.510310579917515	0.321226795803067	0.255291853752405	0.8781	0	0
Leaf443	0.459641444322868	0.297820823244552	0.308013355592654	0.9597	0	0
Leaf446	0.582695059338439	0.368845843422115	0.289423685877137	0.8766	0	0
Leaf453	0.365541621075667	0.267150928167877	0.231955150665732	0.97	0	0
Leaf454	0.466879892264961	0.308313155770783	0.306335204490778	0.9554	0	0
Leaf456	0.253345677973235	0.178369652945924	0.337920489296636	1	1	0
Leaf459	0.445164548438684	0.285714285714286	0.267776096822995	0.8899	0	0
Leaf460	0.246107230031142	0.200161420500404	0.218502202643172	0.9518	0	0
Leaf465	0.260584125915327	0.185633575464084	0.221793635486982	0.9908	1	0
Leaf466	0.20991499032068	0.162227602905569	0.308282208588957	0.9908	1	0
Leaf469	0.311253261509974	0.209846650524617	0.289532293986637	0.9908	1	0
Leaf48	0.300395589596835	0.229217110573043	0.312431243124312	0.9131	0	0
Leaf49	0.289537917683697	0.200968523002421	0.250755287009063	0.9252	0	0
Leaf5	0.264203349886373	0.196125907990315	0.234782608695652	0.9298	0	0
Leaf50	0.235249558118003	0.210653753026634	0.227351916376307	0.8784	0	0
Leaf51	0.437926100496591	0.301049233252623	0.258131487889273	0.8784	0	0
Leaf53	0.256964901944281	0.203389830508475	0.249258160237389	0.8803	0	0
Leaf58	0.680414106556687	0.405165456012914	0.295641931684335	0.9131	0	0
Leaf61	0.361922397104621	0.267958030669895	0.299638989169675	0.8855	0	0
Leaf62	0.318491709452066	0.207425343018563	0.249272550921435	0.9262	0	0
Leaf64	0.311253261509974	0.213075060532688	0.226221079691517	0.9385	0	0
Leaf67	0.499452908004377	0.30589184826473	0.25958904109589	0.9262	0	0
Leaf68	0.434306876525545	0.27683615819209	0.264660493827161	0.97	0	0
Leaf69	0.347445501220436	0.24455205811138	0.247145187601958	0.8724	0	0
Leaf7	0.640602642875179	0.396287328490718	0.264404954227248	0.8832	0	0
Leaf70	0.271441797828466	0.199354317998386	0.276286353467562	0.8986	0	0
Leaf72	0.521168251830654	0.33091202582728	0.262652146060218	0.9078	0	0
Leaf75	0.202676542378588	0.171912832929782	0.243428571428571	0.9252	0	0
Leaf76	0.242488006060096	0.188054882970137	0.272514619883041	0.8722	0	0
Leaf78	0.332968605336251	0.23728813559322	0.255430060816681	0.8739	0	0
Leaf8	0.535645147714839	0.332526230831316	0.270518713066316	0.8781	0	0
Leaf82	0.267822573857419	0.19774011299435	0.260361317747078	0.8183	0	0
Leaf83	0.408972308728221	0.261501210653753	0.250968241673122	0.9091	0	0
Leaf84	0.217153438262772	0.175948345439871	0.26980198019802	0.8722	0	0
Leaf85	0.307634037538928	0.205811138014528	0.299647473560517	0.9921	1	0
Leaf86	0.434306876525545	0.284907183212268	0.325046040515654	0.9921	1	0
Leaf87	0.148388182812895	0.129136400322841	0.308880308880309	0.9908	1	0
Leaf88	0.383637740930898	0.258272800645682	0.252565114443567	0.9908	1	0
Leaf89	0.430687652554499	0.292171105730428	0.257834757834758	0.9908	1	0
Leaf9	0.372780069017759	0.236481033091203	0.26782449725777	0.9298	0	0
Leaf90	0.347445501220436	0.230024213075061	0.250219490781387	1	0	1
Leaf91	0.217153438262772	0.182405165456013	0.332842415316642	0.9921	1	0
Leaf92	0.369160845046713	0.263115415657789	0.304672897196262	1	0	1
Leaf93	0.289537917683697	0.217110573042776	0.286170212765957	0.9921	1	0
Leaf94	0.28591869371265	0.217917675544794	0.354796320630749	0.9908	1	0
Leaf99	0.799848497601212	0.44955609362389	0.293931398416887	0.9908	1	0
Root100	0.278680245770558	0.199354317998386	0.3083645443196	0.9518	0	0
Root101	0.332968605336251	0.234059725585149	0.285433070866142	0.8781	0	0
Root102	0.271441797828466	0.181598062953995	0.254237288135593	0.9558	0	0
Root105	0.271441797828466	0.223567393058918	0.189856065798492	0.9519	0	0
Root107	0.228011110175911	0.19047619047619	0.280618311533888	0.8795	0	0
Root11	0.608029627135763	0.376916868442292	0.240597630087584	0.9119	0	0
Root112D2	0.86861375305109	0.472962066182405	0.257243195785777	0.8781	0	0
Root1203	0.430687652554499	0.284907183212268	0.286061588330632	0.9682	0	0
Root1204	0.289537917683697	0.220338983050847	0.222312703583062	0.97	0	0
Root1212	0.564598939483208	0.360774818401937	0.256454388984509	0.9682	0	0
Root1217	0.441545324467637	0.288942695722357	0.235526315789474	0.8722	0	0
Root122	0.293157141654743	0.213882163034705	0.297418630751964	0.879	0	0
Root1220	0.296776365625789	0.217110573042776	0.239964317573595	0.9682	0	0
Root1221	0.112195943102432	0.107344632768362	0.241818181818182	0.8681	0	0
Root1237	0.354683949162528	0.246973365617433	0.219827586206897	0.8723	0	0
Root1238	0.18096119855231	0.136400322841001	0.245997088791849	0.8681	0	0
Root123D2	0.647841090817271	0.384180790960452	0.256465517241379	0.9768	0	0
Root1240	0.550122043599024	0.356739305891848	0.252139189960068	0.97	0	0
Root1252	0.329349381365205	0.235673930589185	0.248934356351236	0.9682	0	0
Root1257	0.347445501220436	0.247780468119451	0.231000752445448	0.8809	0	0
Root127	0.506691355946469	0.332526230831316	0.254792826221398	0.9682	0	0
Root1272	0.267822573857419	0.201775625504439	0.300120048019208	0.8723	0	0
Root1277	0.492214460062284	0.320419693301049	0.244759556103576	0.9542	0	0
Root1279	0.351064725191482	0.216303470540759	0.225969645868465	0.9553	0	0
Root1280	0.289537917683697	0.20500403551251	0.225978647686833	0.899	0	0
Root1290	0.799848497601212	0.470540758676352	0.254807692307692	0.9542	0	0
Root1293	0.832421513340628	0.454398708635997	0.264319248826291	0.8855	0	0
Root1294	0.39087618887299	0.267958030669895	0.22849277357192	0.922	0	0
Root1295	0.423449204612406	0.295399515738499	0.245144005358339	0.8832	0	0
Root1298	0.28591869371265	0.208232445520581	0.3	0.9682	0	0
Root1304	0.383637740930898	0.278450363196126	0.259009009009009	0.8862	0	0
Root131	0.745560138035519	0.439870863599677	0.238512035010941	0.9119	0	0
Root1310	0.517549027859608	0.344632768361582	0.238148354712772	0.8829	0	0
Root1312	0.191818870465449	0.163034705407587	0.245443499392467	0.9682	0	0
Root1319	0.358303173133575	0.261501210653753	0.258992805755396	0.8832	0	0
Root133	0.199057318407541	0.145278450363196	0.296540362438221	0.8855	0	0
Root1334	0.5247874758017	0.343825665859564	0.249706916764361	0.97	0	0
Root135	0.582695059338439	0.354317998385795	0.220381526104418	0.8699	0	0
Root136	0.712987122296103	0.411622276029056	0.23943661971831	0.8708	0	0
Root137	0.615268075077855	0.360774818401937	0.226558540293969	0.865	0	0
Root140	0.405353084757175	0.292978208232446	0.219467956469166	0.8778	0	0
Root142	0.213534214291726	0.176755447941889	0.220766129032258	0.9682	0	0
Root1423	0.275061021799512	0.204196933010492	0.336436170212766	0.9553	0	0
Root1433D1	0.369160845046713	0.249394673123487	0.28014505893019	0.8736	0	0
Root1444	0.445164548438684	0.29136400322841	0.235485975212003	0.8725	0	0
Root1455	0.318491709452066	0.240516545601291	0.244864420706656	0.9473	0	0
Root1462	0.962713576298291	0.521388216303471	0.264428980761359	0.9786	0	0
Root1464	0.702129450382964	0.410815173527038	0.272192513368984	0.8772	0	0
Root147	0.850517633195859	0.478611783696529	0.228957528957529	0.9252	0	0
Root1471	1.26310916589513	0.634382566585956	0.259063941990771	0.9613	0	0
Root1472	0.304014813567881	0.218724778046812	0.228691983122363	0.9473	0	0
Root1480D1	0.235249558118003	0.171912832929782	0.287061994609164	0.8855	0	0
Root1485	0.361922397104621	0.249394673123487	0.246805111821086	0.8855	0	0
Root149	0.437926100496591	0.277643260694108	0.25614296351452	0.9682	0	0
Root1497	0.546502819627977	0.337368845843422	0.234042553191489	0.9313	0	0
Root151	0.488595236091238	0.321226795803067	0.258777633289987	0.8778	0	0
Root154	0.65869876273041	0.420500403551251	0.241203703703704	0.9313	0	0
Root157	0.256964901944281	0.196933010492333	0.210708117443869	0.9558	0	0
Root166	0.387256964901944	0.268765133171913	0.240606936416185	0.8736	0	0
Root16D2	0.253345677973235	0.207425343018563	0.261710794297352	0.8681	0	0
Root170	0.408972308728221	0.277643260694108	0.27172195892575	0.8866	0	0
Root172	0.492214460062284	0.304277643260694	0.227245328511151	0.9613	0	0
Root179	0.228011110175911	0.163034705407587	0.225698324022346	0.8986	0	0
Root180	0.484976012120192	0.313962873284907	0.251617076326003	0.8736	0	0
Root181	0.452402996380776	0.303470540758676	0.241490044958253	0.8781	0	0
Root186	0.369160845046713	0.2590799031477	0.269295302013423	0.8183	0	0
Root187	0.224391886204865	0.188861985472155	0.283980582524272	0.8795	0	0
Root189	0.0977190472182476	0.102502017756255	0.20450885668277	0.8866	0	0
Root190	0.289537917683697	0.188054882970137	0.247083775185578	0.875	0	0
Root198D2	0.206295766349634	0.163034705407587	0.291907514450867	0.8855	0	0
Root209	0.347445501220436	0.239709443099274	0.299093655589124	0.8739	0	0
Root214	0.65869876273041	0.420500403551251	0.241539174779787	0.9313	0	0
Root217	0.437926100496591	0.287328490718321	0.305317324185249	0.8739	0	0
Root219	0.242488006060096	0.17998385794996	0.243184296619411	0.8739	0	0
Root22	0.372780069017759	0.252623083131558	0.327405857740586	0.8701	0	0
Root224	0.347445501220436	0.247780468119451	0.231000752445448	0.8809	0	0
Root227	0.318491709452066	0.236481033091203	0.22608024691358	0.8819	0	0
Root231	0.34382627724939	0.246973365617433	0.248578391551584	0.9682	0	0
Root236	1.09300563925595	0.564164648910412	0.257838436001475	0.8764	0	0
Root239	0.34382627724939	0.25181598062954	0.226086956521739	0.9252	0	0
Root240	0.228011110175911	0.184826472962066	0.267523364485981	0.8711	0	0
Root241	0.854136857166905	0.464891041162228	0.262056414922657	0.9213	0	0
Root258	0.300395589596835	0.217110573042776	0.278756476683938	0.9682	0	0
Root264	0.242488006060096	0.1727199354318	0.268844221105528	0.8829	0	0
Root265	0.217153438262772	0.183212267958031	0.253914988814318	0.8811	0	0
Root267	0.351064725191482	0.240516545601291	0.246484698097601	0.8739	0	0
Root268	0.564598939483208	0.360774818401937	0.256454388984509	0.9682	0	0
Root274	0.550122043599024	0.356739305891848	0.252139189960068	0.97	0	0
Root275	0.539264371685885	0.33091202582728	0.232690124858116	0.8739	0	0
Root278	0.289537917683697	0.204196933010492	0.222907488986784	0.9682	0	0
Root280D1	0.351064725191482	0.251008878127522	0.232089552238806	0.8736	0	0
Root29	0.249726454002188	0.213075060532688	0.257560975609756	0.8681	0	0
Root31	0.130292062957663	0.126715092816788	0.244929797191888	0.9682	0	0
Root318D1	0.322110933423112	0.229217110573043	0.323831242873432	0.8739	0	0
Root322	0.408972308728221	0.270379338175948	0.271915584415584	0.8736	0	0
Root329	0.271441797828466	0.214689265536723	0.344113842173351	0.9131	0	0
Root332	0.622506523019948	0.391444713478612	0.284958871915394	0.8903	0	0
Root335	0.18096119855231	0.129136400322841	0.200250312891114	0.8855	0	0
Root336D2	0.300395589596835	0.228410008071025	0.243127147766323	0.8855	0	0
Root342	0.62974497096204	0.387409200968523	0.225140712945591	0.9514	0	0
Root343	0.441545324467637	0.301049233252623	0.216860465116279	0.9514	0	0
Root344	1.08938641528491	0.563357546408394	0.257754800590842	0.8764	0	0
Root351	0.405353084757175	0.280064568200161	0.248211731044349	0.8855	0	0
Root369	0.170103526639172	0.137207425343019	0.197674418604651	0.8861	0	0
Root381	0.325730157394159	0.230831315577078	0.314977973568282	0.9722	0	0
Root4	0.466879892264961	0.300242130750605	0.276991809381981	0.8799	0	0
Root401	0.144768958841848	0.137207425343019	0.246734397677794	0.9131	0	0
Root402	0.423449204612406	0.267150928167877	0.237106017191977	0.8739	0	0
Root404	0.615268075077855	0.384180790960452	0.26488592097941	0.8681	0	0
Root405	0.416210756670314	0.274414850686037	0.242165242165242	0.8725	0	0
Root411	0.463260668293915	0.306698950766747	0.254010695187166	0.8739	0	0
Root413D1	0.304014813567881	0.218724778046812	0.239399293286219	0.9519	0	0
Root418	0.271441797828466	0.206618240516546	0.206785137318255	0.8855	0	0
Root420	0.267822573857419	0.203389830508475	0.254802831142568	0.8183	0	0
Root423	0.256964901944281	0.194511702986279	0.265126512651265	0.9682	0	0
Root431	0.202676542378588	0.174334140435835	0.211764705882353	0.8862	0	0
Root434	0.441545324467637	0.29136400322841	0.2462482946794	0.8739	0	0
Root436	0.405353084757175	0.263922518159806	0.232244318181818	0.9484	0	0
Root444D2	0.253345677973235	0.186440677966102	0.227362204724409	0.8917	0	0
Root456	0.23886878208905	0.192897497982244	0.257265877287406	0.8733	0	0
Root472D3	0.962713576298291	0.522195318805488	0.266694146743611	0.875	0	0
Root473	0.626125746990994	0.403551251008878	0.259201658890617	0.8739	0	0
Root480	0.568218163454255	0.360774818401937	0.267664670658683	0.8986	0	0
Root482	0.23886878208905	0.182405165456013	0.218780251694095	0.97	0	0
Root483D1	0.499452908004377	0.331719128329298	0.246995192307692	0.9722	1	0
Root483D2	0.278680245770558	0.20500403551251	0.271948608137045	0.97	0	0
Root485	0.539264371685885	0.326876513317191	0.233833718244804	0.865	0	0
Root487D2Y	0.513929803888561	0.355125100887813	0.242959690778575	0.9473	0	0
Root491	0.542883595656931	0.339790153349475	0.267811704834606	0.97	0	0
Root494	0.470499116236007	0.317998385794996	0.28928046989721	0.8942	0	0
Root495	1.01700193586398	0.532687651331719	0.28972783143108	0.875	0	0
Root50	0.242488006060096	0.181598062953995	0.200534759358289	0.922	0	0
Root52	0.202676542378588	0.164648910411622	0.271637816245007	0.9036	0	0
Root53	0.249726454002188	0.178369652945924	0.315714285714286	0.8736	0	0
Root55	0.31487248548102	0.235673930589185	0.261414503133393	0.8832	0	0
Root552	0.253345677973235	0.1727199354318	0.251468860164512	0.9558	0	0
Root553	0.886709872906321	0.476190476190476	0.267452402538531	0.8736	0	0
Root554	1.26310916589513	0.634382566585956	0.259577278731836	0.9613	0	0
Root558	0.434306876525545	0.292171105730428	0.292171105730428	0.9682	0	0
Root559	0.249726454002188	0.19047619047619	0.358662613981763	0.8942	0	0
Root561	0.510310579917515	0.324455205811138	0.271805273833671	0.8986	0	0
Root562	0.173722750610218	0.143664245359161	0.256115107913669	0.9131	0	0
Root563	0.980809696153522	0.525423728813559	0.263030303030303	0.8781	0	0
Root564	0.311253261509974	0.23728813559322	0.259946949602122	0.97	0	0
Root565	0.767275481861796	0.462469733656174	0.231141589350545	0.8866	0	0
Root568	0.206295766349634	0.168684422921711	0.22400857449089	0.8739	0	0
Root569	0.173722750610218	0.142857142857143	0.240489130434783	0.9131	0	0
Root60	0.832421513340628	0.454398708635997	0.264319248826291	0.8855	0	0
Root604	0.560979715512162	0.351089588377724	0.265243902439024	0.8937	0	0
Root608	0.546502819627977	0.342211460855529	0.253436939629408	0.9553	0	0
Root61	0.832421513340628	0.472154963680387	0.259078830823738	0.8736	0	0
Root614	0.62974497096204	0.387409200968523	0.255455029270889	0.875	0	0
Root627	0.575456611396347	0.366424535916061	0.267216009417304	0.8986	0	0
Root63	0.408972308728221	0.287328490718321	0.250351617440225	0.8832	0	0
Root630	0.256964901944281	0.209846650524617	0.237226277372263	0.8982	0	0
Root635	0.18096119855231	0.137207425343019	0.349794238683128	0.9484	0	0
Root65	0.727464018180288	0.418886198547215	0.261724659606657	0.8982	0	0
Root651	0.492214460062284	0.314769975786925	0.275229357798165	0.97	0	0
Root655	0.41982998064136	0.292978208232446	0.243297587131367	0.9473	0	0
Root656	0.275061021799512	0.183212267958031	0.182329317269076	0.9473	0	0
Root662	0.416210756670314	0.274414850686037	0.242165242165242	0.8725	0	0
Root667	0.369160845046713	0.249394673123487	0.3584686774942	0.8942	0	0
Root66D1	0.383637740930898	0.278450363196126	0.259009009009009	0.8862	0	0
Root670	0.481356788149146	0.313962873284907	0.26957726957727	0.9722	0	0
Root672	0.803467721572258	0.448748991121872	0.261523988711195	0.9407	0	0
Root68	0.412591532699268	0.297820823244552	0.243886318572373	0.9131	0	0
Root682	0.647841090817271	0.39225181598063	0.257006874669487	0.875	0	0
Root685	0.691271778469826	0.40274414850686	0.256160164271047	0.9505	0	0
Root690	0.300395589596835	0.210653753026634	0.245300751879699	0.8942	0	0
Root695	0.137530510899756	0.124293785310734	0.205607476635514	0.9558	0	0
Root70	0.177341974581264	0.135593220338983	0.27140549273021	0.8722	0	0
Root700	0.318491709452066	0.203389830508475	0.205378973105134	0.9542	0	0
Root708	0.271441797828466	0.199354317998386	0.29093050647821	0.9682	0	0
Root71	0.332968605336251	0.25181598062954	0.359861591695502	0.9131	0	0
Root710	0.640602642875179	0.397901533494754	0.251402345741968	0.922	0	0
Root720	0.394495412844037	0.288942695722357	0.223052959501558	0.922	0	0
Root73	0.387256964901944	0.263115415657789	0.257097791798107	0.97	0	0
Root74	0.228011110175911	0.178369652945924	0.270171149144254	0.9682	0	0
Root76	0.376399292988806	0.263922518159806	0.29700272479564	0.8942	0	0
Root77	0.781752377745981	0.45682001614205	0.264115725618292	0.9542	0	0
Root79	0.246107230031142	0.199354317998386	0.244071146245059	0.8711	0	0
Root81	0.484976012120192	0.322841000807102	0.25624599615631	0.8772	0	0
Root83	0.372780069017759	0.269572235673931	0.253606681852696	0.8866	0	0
Root85	0.271441797828466	0.227602905569007	0.244367417677643	0.8781	0	0
Root9	0.311253261509974	0.209039548022599	0.224436741767764	0.9131	0	0
Root901	0.445164548438684	0.292978208232446	0.263616557734205	0.8162	0	0
Root916	0.517549027859608	0.33091202582728	0.266060999351071	0.8937	0	0
Root918	0.311253261509974	0.230024213075061	0.24869109947644	0.8701	0	0
Root920	0.651460314788317	0.397094430992736	0.222826086956522	0.9252	0	0
Root930	0.850517633195859	0.457627118644068	0.245560848852317	0.865	0	0
Root935	0.430687652554499	0.288942695722357	0.244702665755297	0.8183	0	0
Root954	0.34382627724939	0.247780468119451	0.25604670558799	0.9682	0	0
Root96	0.466879892264961	0.301856335754641	0.272396212672979	0.8942	0	0
Root983	0.394495412844037	0.277643260694108	0.258646616541353	0.8937	0	0
Soil522	0.249726454002188	0.182405165456013	0.28391959798995	0.9078	0	0
Soil531	0.864994529080044	0.486682808716707	0.226351351351351	0.9252	0	0
Soil535	0.184580422523357	0.146085552865214	0.234455958549223	0.8772	0	0
Soil538	0.506691355946469	0.322841000807102	0.218221494817239	0.8785	0	0
Soil724D2	0.264203349886373	0.176755447941889	0.230526315789474	0.8917	0	0
Soil728	0.224391886204865	0.157384987893462	0.205479452054795	0.8781	0	0
Soil729	0.466879892264961	0.295399515738499	0.279816513761468	0.8824	0	0
Soil736	0.170103526639172	0.144471347861178	0.245879120879121	0.8685	0	0
Soil745	0.28591869371265	0.221953188054883	0.22017614091273	0.9202	0	0
Soil748	0.376399292988806	0.251008878127522	0.286108555657774	0.8781	0	0
Soil750	0.311253261509974	0.225181598062954	0.280684104627767	0.8917	0	0
Soil756	0.608029627135763	0.364003228410008	0.276178812002449	0.8866	0	0
Soil761	0.231630334146957	0.179176755447942	0.29560585885486	0.8724	0	0
Soil762	0.365541621075667	0.2590799031477	0.279860505666957	0.8724	0	0
Soil763	0.492214460062284	0.327683615819209	0.26159793814433	0.8685	0	0
Soil764	0.300395589596835	0.211460855528652	0.272632674297607	0.8724	0	0
Soil766	0.0253345677973235	0.0403551251008878	0.282485875706215	0.8917	0	0
Soil768D1	0.228011110175911	0.177562550443906	0.265700483091787	0.9203	0	0
Soil772	0.510310579917515	0.319612590799031	0.260183968462549	0.8986	0	0
Soil773	0.275061021799512	0.218724778046812	0.289529914529915	0.8986	0	0
Soil774	0.296776365625789	0.22679580306699	0.30981256890849	0.879	0	0
Soil777	0.23886878208905	0.184826472962066	0.263218390804598	0.8809	0	0
Soil782	0.481356788149146	0.30589184826473	0.2559081701553	0.8685	0	0
Soil787	0.177341974581264	0.150121065375303	0.233375156838143	0.8917	0	0
Soil796	0.380018516959852	0.262308313155771	0.222755311857437	0.8778	0	0
Soil797	0.202676542378588	0.149313962873285	0.296	0.8778	0	0
Soil802	0.293157141654743	0.201775625504439	0.276548672566372	0.8781	0	0
Soil803	1.12557865499537	0.588377723970944	0.272421524663677	0.8781	0	0
Soil805	0.618887299048901	0.376916868442292	0.271038885664539	0.8809	0	0
Soil809	0.622506523019948	0.389830508474576	0.285968028419183	0.8903	0	0
Soil810	0.669556434643548	0.395480225988701	0.264436049649217	0.8781	0	0
Soil811	0.39087618887299	0.290556900726392	0.31858407079646	0.8781	0	0
