Row	p_EC	sensitivity	precision	relation	genus	species
Leaf1	0.554717203572165	0.736040609137056	0.0483118613949356	0.889	0	0
Leaf10	0.549616355723226	0.72927241962775	0.0480329878524462	0.9091	0	0
Leaf100	0.570019747118984	0.756345177664975	0.0515155007491068	0.9304	0	0
Leaf102	0.575120594967923	0.763113367174281	0.0513667425968109	0.9304	0	0
Leaf104	0.578946230854628	0.768189509306261	0.0484163378479258	0.9304	0	0
Leaf106	0.566194111232279	0.751269035532995	0.0462066812363409	0.9277	0	0
Leaf108	0.576395806930158	0.764805414551607	0.0505762560143225	0.9304	0	0
Leaf11	0.536864236100877	0.712351945854484	0.048558246828143	0.9058	0	0
Leaf111	0.580221442816863	0.769881556683587	0.0486422920675647	0.9304	0	0
Leaf112	0.570019747118984	0.756345177664975	0.0508416742493176	0.9304	0	0
Leaf113	0.566194111232279	0.751269035532995	0.0497423257898275	0.9304	0	0
Leaf117	0.567469323194514	0.752961082910321	0.0504249291784703	0.9304	0	0
Leaf119	0.568744535156749	0.754653130287648	0.0473259762308998	0.9252	0	0
Leaf121	0.576395806930158	0.764805414551607	0.0458883248730964	0.9252	0	0
Leaf122	0.576395806930158	0.764805414551607	0.0476140313915517	0.9252	0	0
Leaf123	0.572570171043453	0.759729272419628	0.047847399829497	0.9252	0	0
Leaf125	0.573845383005688	0.761421319796954	0.0466369571976371	0.9304	0	0
Leaf126	0.566194111232279	0.751269035532995	0.0471237529187009	0.9019	0	0
Leaf127	0.595523986363681	0.790186125211506	0.0463339617025499	0.9295	0	0
Leaf129	0.591698350476976	0.785109983079526	0.0456109308955077	0.9295	0	0
Leaf13	0.64780767681531	0.859560067681895	0.0506682625174546	0.9919	1	0
Leaf130	0.550891567685461	0.730964467005076	0.0451363493887786	0.9158	0	0
Leaf131	0.567469323194514	0.752961082910321	0.0484221980413493	0.9147	0	0
Leaf137	0.55854283945887	0.741116751269036	0.051288056206089	0.8889	0	0
Leaf139	0.549616355723226	0.72927241962775	0.0442868886148787	0.9019	0	0
Leaf141	0.548341143760991	0.727580372250423	0.0483526369054312	0.8889	0	0
Leaf145	0.564918899270044	0.749576988155668	0.0470226090648551	0.8889	0	0
Leaf148	0.572570171043453	0.759729272419628	0.0458023054167092	0.9147	0	0
Leaf15	0.60827610598603	0.807106598984772	0.0455456889143512	0.9295	0	0
Leaf151	0.56109326338334	0.744500846023689	0.0520463685829193	0.89	0	0
Leaf154	0.530488176289703	0.703891708967851	0.0509366964613689	0.89	0	0
Leaf155	0.587872714590272	0.780033840947547	0.0479558930614792	0.9396	0	0
Leaf159	0.552166779647696	0.732656514382403	0.0475354045449555	0.89	0	0
Leaf16	0.547065931798756	0.725888324873096	0.0503935157993657	0.9091	0	0
Leaf160	0.582771866741332	0.77326565143824	0.0491503549150355	0.8886	0	0
Leaf161	0.548341143760991	0.727580372250423	0.0489749430523918	0.89	0	0
Leaf164	0.512635208818415	0.680203045685279	0.0499130866650112	0.8985	0	0
Leaf168	0.517736056667354	0.686971235194585	0.0507436570428696	0.9314	0	0
Leaf17	0.531763388251938	0.705583756345178	0.048777634811089	0.8973	0	0
Leaf171	0.553441991609931	0.734348561759729	0.0495207667731629	0.889	0	0
Leaf172	0.507534360969475	0.673434856175973	0.053401314906749	0.8945	0	0
Leaf176	0.559818051421105	0.742808798646362	0.052644201942679	0.8578	0	0
Leaf177	0.617202589721674	0.818950930626058	0.044375171907949	0.9033	0	0
Leaf179	0.547065931798756	0.725888324873096	0.0509743346007605	0.89	0	0
Leaf180	0.479479697800308	0.636209813874788	0.0508520421963754	0.8293	0	0
Leaf182	0.60572568206156	0.803722504230118	0.0499842155108913	0.9662	0	0
Leaf183	0.530488176289703	0.703891708967851	0.050168837433671	0.89	0	0
Leaf185	0.552166779647696	0.732656514382403	0.0509411764705882	0.8945	0	0
Leaf186	0.526662540402998	0.698815566835871	0.0491198858230257	0.8945	0	0
Leaf187	0.544515507874286	0.722504230118443	0.0487498572896449	0.9625	0	0
Leaf189	0.570019747118984	0.756345177664975	0.0484237894052649	0.837	0	0
Leaf191	0.576395806930158	0.764805414551607	0.0461224489795918	0.8886	0	0
Leaf194	0.547065931798756	0.725888324873096	0.0505121865065348	0.8578	0	0
Leaf196	0.544515507874286	0.722504230118443	0.0537309676607525	0.9625	0	0
Leaf198	0.570019747118984	0.756345177664975	0.0461824568653787	0.9005	0	0
Leaf2	0.548341143760991	0.727580372250423	0.0476929902395741	0.9151	0	0
Leaf20	0.575120594967923	0.763113367174281	0.0455509544490455	0.9005	0	0
Leaf201	0.485855757611483	0.644670050761421	0.0533165407220823	0.8274	0	0
Leaf202	0.580221442816863	0.769881556683587	0.0486474927830643	0.9396	0	0
Leaf203	0.553441991609931	0.734348561759729	0.0506595074121629	0.89	0	0
Leaf208	0.568744535156749	0.754653130287648	0.0461363401262025	0.9005	0	0
Leaf210	0.531763388251938	0.705583756345178	0.0494017296528847	0.8945	0	0
Leaf216	0.56109326338334	0.744500846023689	0.0520340586565752	0.8561	0	0
Leaf22	0.550891567685461	0.730964467005076	0.050261780104712	0.9022	0	0
Leaf220	0.557267627496635	0.739424703891709	0.0469085444396737	0.8903	0	0
Leaf222	0.571294959081219	0.758037225042301	0.045477616485636	0.8898	0	0
Leaf225	0.587872714590272	0.780033840947547	0.0444894807952133	0.8996	0	0
Leaf226	0.568744535156749	0.754653130287648	0.0482840749160983	0.9012	0	0
Leaf23	0.536864236100877	0.712351945854484	0.048180361638819	0.9058	0	0
Leaf230	0.566194111232279	0.751269035532995	0.0470089994706194	0.9005	0	0
Leaf231	0.567469323194514	0.752961082910321	0.0488849829726464	0.9016	0	0
Leaf233	0.584047078703567	0.774957698815567	0.0440681227749447	0.8973	0	0
Leaf234	0.534313812176408	0.708967851099831	0.0469678287187535	0.885	0	0
Leaf24	0.547065931798756	0.725888324873096	0.0487721691678035	0.9058	0	0
Leaf242	0.572570171043453	0.759729272419628	0.0485195591095742	0.9005	0	0
Leaf244	0.545790719836521	0.72419627749577	0.0505969972810025	0.8945	0	0
Leaf245	0.543240295912052	0.720812182741117	0.0522314860225601	0.8928	0	0
Leaf247	0.589147926552507	0.781725888324873	0.0447284345047923	0.8996	0	0
Leaf25	0.536864236100877	0.712351945854484	0.0476244343891403	0.9058	0	0
Leaf254	0.527937752365233	0.700507614213198	0.0459744586340922	0.8945	0	0
Leaf257	0.552166779647696	0.732656514382403	0.0519122407385206	0.9016	0	0
Leaf258	0.592973562439211	0.786802030456853	0.0442351598173516	0.8996	0	0
Leaf26	0.545790719836521	0.72419627749577	0.0452001267293273	0.9133	0	0
Leaf261	0.510084784893945	0.676818950930626	0.0501756146512795	0.89	0	0
Leaf262	0.595523986363681	0.790186125211506	0.0484339348682846	0.9396	0	0
Leaf263	0.526662540402998	0.698815566835871	0.0504704875962361	0.8945	0	0
Leaf264	0.545790719836521	0.72419627749577	0.0486032250738133	0.9018	0	0
Leaf265	0.599349622250386	0.795262267343486	0.0424916372841515	0.8886	0	0
Leaf267	0.580221442816863	0.769881556683587	0.0419509496588604	0.8903	0	0
Leaf272	0.535589024138642	0.710659898477157	0.0505050505050505	0.8928	0	0
Leaf274	0.591698350476976	0.785109983079526	0.042564902302541	0.8886	0	0
Leaf278	0.601900046174855	0.798646362098139	0.0462745098039216	0.8973	0	0
Leaf28	0.566194111232279	0.751269035532995	0.0463998327933953	0.9005	0	0
Leaf280	0.512635208818415	0.680203045685279	0.0508024769366865	0.9314	0	0
Leaf283	0.553441991609931	0.734348561759729	0.0494361544595056	0.8945	0	0
Leaf285	0.554717203572165	0.736040609137056	0.0476660092044707	0.8973	0	0
Leaf288	0.576395806930158	0.764805414551607	0.0484458735262594	0.89	0	0
Leaf289	0.544515507874286	0.722504230118443	0.0493071593533487	0.8928	0	0
Leaf29	0.549616355723226	0.72927241962775	0.0515242080095637	0.9091	0	0
Leaf291	0.543240295912052	0.720812182741117	0.0481301547847701	0.8928	0	0
Leaf294	0.552166779647696	0.732656514382403	0.0508813160987074	0.8945	0	0
Leaf296	0.563643687307809	0.747884940778342	0.0488667772249862	0.8987	0	0
Leaf299	0.554717203572165	0.736040609137056	0.0535252860834256	0.8988	0	0
Leaf3	0.526662540402998	0.698815566835871	0.0485482543787469	0.8939	0	0
Leaf30	0.567469323194514	0.752961082910321	0.0464267083985394	0.9012	0	0
Leaf304	0.512635208818415	0.680203045685279	0.048503861003861	0.8945	0	0
Leaf306	0.585322290665802	0.776649746192893	0.0463262010496568	0.9378	0	0
Leaf307	0.562368475345575	0.746192893401015	0.0489401842192875	0.8973	0	0
Leaf311	0.582771866741332	0.77326565143824	0.0495822935879353	0.9396	0	0
Leaf314	0.559818051421105	0.742808798646362	0.0478213507625272	0.889	0	0
Leaf32	0.554717203572165	0.736040609137056	0.0473083197389886	0.9091	0	0
Leaf320	0.541965083949817	0.71912013536379	0.0517850615328378	0.89	0	0
Leaf321	0.589147926552507	0.781725888324873	0.0466902475997979	0.9378	0	0
Leaf324	0.571294959081219	0.758037225042301	0.0498220640569395	0.9295	0	0
Leaf325	0.540689871987582	0.717428087986464	0.0487804878048781	0.9018	0	0
Leaf326	0.557267627496635	0.739424703891709	0.0530984204131227	0.9064	0	0
Leaf33	0.522836904516294	0.693739424703892	0.0458920976046564	0.9091	0	0
Leaf334	0.543240295912052	0.720812182741117	0.0467720685111989	0.8814	0	0
Leaf335	0.534313812176408	0.708967851099831	0.0499523128278493	0.8945	0	0
Leaf336	0.559818051421105	0.742808798646362	0.048289517104829	0.8984	0	0
Leaf337	0.572570171043453	0.759729272419628	0.0476240984302079	0.885	0	0
Leaf339	0.547065931798756	0.725888324873096	0.0462334303265438	0.8973	0	0
Leaf34	0.562368475345575	0.746192893401015	0.0472466252410542	0.9012	0	0
Leaf341	0.580221442816863	0.769881556683587	0.0477339488040285	0.9378	0	0
Leaf343	0.536864236100877	0.712351945854484	0.0482576799633196	0.9012	0	0
Leaf344	0.573845383005688	0.761421319796954	0.0494668572056722	0.93	0	0
Leaf347	0.535589024138642	0.710659898477157	0.0520059435364042	0.89	0	0
Leaf351	0.51135999685618	0.678510998307953	0.0540649858433329	0.89	0	0
Leaf354	0.566194111232279	0.751269035532995	0.0439691027926322	0.8973	0	0
Leaf357	0.533038600214173	0.707275803722504	0.0425835370823146	0.8993	0	0
Leaf359	0.46672757817796	0.619289340101523	0.0542061611374408	0.8307	0	0
Leaf361	0.589147926552507	0.781725888324873	0.0460159362549801	0.9198	0	0
Leaf363	0.540689871987582	0.717428087986464	0.0486629174796281	0.9314	0	0
Leaf369	0.571294959081219	0.758037225042301	0.04481344403321	0.8907	0	0
Leaf371	0.580221442816863	0.769881556683587	0.047638990681604	0.9378	0	0
Leaf38	0.566194111232279	0.751269035532995	0.0463030555845239	0.9012	0	0
Leaf380	0.577671018892393	0.766497461928934	0.0475940323597394	0.8936	0	0
Leaf383	0.575120594967923	0.763113367174281	0.0475237091675448	0.9378	0	0
Leaf384	0.575120594967923	0.763113367174281	0.046294395401355	0.9378	0	0
Leaf386	0.60062483421262	0.796954314720812	0.0449213161659514	0.9396	0	0
Leaf391	0.598074410288151	0.793570219966159	0.0447860962566845	0.9396	0	0
Leaf394	0.496057453309362	0.658206429780034	0.0492904206791688	0.8331	0	0
Leaf395	0.553441991609931	0.734348561759729	0.0483511586452763	0.8814	0	0
Leaf396	0.617202589721674	0.818950930626058	0.0448937946387163	0.9224	0	0
Leaf399	0.568744535156749	0.754653130287648	0.0499328257948948	0.9304	0	0
Leaf400	0.559818051421105	0.742808798646362	0.0452577319587629	0.8903	0	0
Leaf404	0.482030121724778	0.639593908629442	0.0517950123321458	0.8331	0	0
Leaf405	0.526662540402998	0.698815566835871	0.0514065222803087	0.8331	0	0
Leaf406	0.591698350476976	0.785109983079526	0.0481078278900985	1	1	0
Leaf407	0.535589024138642	0.710659898477157	0.047228156977398	0.9058	0	0
Leaf41	0.56109326338334	0.744500846023689	0.0536978276787894	0.8561	0	0
Leaf412	0.533038600214173	0.707275803722504	0.0456780679707136	0.8973	0	0
Leaf414	0.471828426026899	0.626057529610829	0.0503401360544218	0.9064	0	0
Leaf415	0.527937752365233	0.700507614213198	0.0458471760797342	0.8945	0	0
Leaf416	0.493507029384892	0.654822335025381	0.0504826506652752	0.9064	0	0
Leaf42	0.527937752365233	0.700507614213198	0.0488092431030417	0.9058	0	0
Leaf420	0.527937752365233	0.700507614213198	0.0480668756530825	0.9186	0	0
Leaf427	0.582771866741332	0.77326565143824	0.0478684403477532	0.9278	0	0
Leaf434	0.60062483421262	0.796954314720812	0.0439981317141523	0.9295	0	0
Leaf436	0.545790719836521	0.72419627749577	0.0521125045659321	0.89	0	0
Leaf44	0.522836904516294	0.693739424703892	0.05039331366765	0.8945	0	0
Leaf443	0.572570171043453	0.759729272419628	0.0502124804294341	0.9357	0	0
Leaf446	0.567469323194514	0.752961082910321	0.0496540950680652	0.893	0	0
Leaf453	0.592973562439211	0.786802030456853	0.0446600076834422	0.9396	0	0
Leaf454	0.584047078703567	0.774957698815567	0.0479330193615908	0.9314	0	0
Leaf456	0.572570171043453	0.759729272419628	0.0482277121374866	0.9252	0	0
Leaf459	0.475654061913604	0.631133671742809	0.0503034389750506	0.9064	0	0
Leaf460	0.584047078703567	0.774957698815567	0.0477331943720688	0.9278	0	0
Leaf465	0.580221442816863	0.769881556683587	0.0483117434699512	0.9304	0	0
Leaf466	0.566194111232279	0.751269035532995	0.0513235464108196	0.9304	0	0
Leaf469	0.582771866741332	0.77326565143824	0.0508625486922649	0.9304	0	0
Leaf48	0.596799198325916	0.791878172588833	0.0461948474977791	0.9295	0	0
Leaf49	0.581496654779098	0.771573604060914	0.0517593643586833	1	1	0
Leaf5	0.548341143760991	0.727580372250423	0.049114791547687	0.9058	0	0
Leaf50	0.592973562439211	0.786802030456853	0.0445487641310596	0.8949	0	0
Leaf51	0.587872714590272	0.780033840947547	0.0449931680655866	0.8949	0	0
Leaf53	0.572570171043453	0.759729272419628	0.0444510444510445	0.8968	0	0
Leaf58	0.60062483421262	0.796954314720812	0.0462353980563463	0.9295	0	0
Leaf61	0.585322290665802	0.776649746192893	0.0462608345091715	0.9019	0	0
Leaf62	0.544515507874286	0.722504230118443	0.0503359660497465	0.9022	0	0
Leaf64	0.520286480591824	0.690355329949239	0.0484675694939416	0.9145	0	0
Leaf67	0.55854283945887	0.741116751269036	0.0482166446499339	0.9022	0	0
Leaf68	0.578946230854628	0.768189509306261	0.0485509571168859	0.9396	0	0
Leaf69	0.56109326338334	0.744500846023689	0.0484154929577465	0.8889	0	0
Leaf7	0.589147926552507	0.781725888324873	0.0446938183225307	0.8996	0	0
Leaf70	0.538139448063112	0.71404399323181	0.0519640438369659	0.9151	0	0
Leaf72	0.596799198325916	0.791878172588833	0.0481184454040716	0.9505	0	0
Leaf75	0.64780767681531	0.859560067681895	0.0520598483295757	1	0	1
Leaf76	0.577671018892393	0.766497461928934	0.0478605388272583	0.8886	0	0
Leaf78	0.576395806930158	0.764805414551607	0.0468588015757827	0.8903	0	0
Leaf8	0.512635208818415	0.680203045685279	0.0493614931237721	0.8945	0	0
Leaf82	0.545790719836521	0.72419627749577	0.0510800811552691	0.8346	0	0
Leaf83	0.585322290665802	0.776649746192893	0.0460058133707527	0.9255	0	0
Leaf84	0.573845383005688	0.761421319796954	0.0474433315761729	0.8886	0	0
Leaf85	0.567469323194514	0.752961082910321	0.0481081081081081	0.9277	0	0
Leaf86	0.56109326338334	0.744500846023689	0.0475008096728921	0.9277	0	0
Leaf87	0.564918899270044	0.749576988155668	0.051427908056652	0.9304	0	0
Leaf88	0.572570171043453	0.759729272419628	0.0483679844877734	0.9304	0	0
Leaf89	0.577671018892393	0.766497461928934	0.048007630351844	0.9304	0	0
Leaf9	0.536864236100877	0.712351945854484	0.048558246828143	0.9058	0	0
Leaf90	0.566194111232279	0.751269035532995	0.0475782254607801	0.9252	0	0
Leaf91	0.571294959081219	0.758037225042301	0.0487009457549734	0.9277	0	0
Leaf92	0.576395806930158	0.764805414551607	0.0473645604107723	0.9252	0	0
Leaf93	0.567469323194514	0.752961082910321	0.0481914663201213	0.9277	0	0
Leaf94	0.578946230854628	0.768189509306261	0.0491714502328604	0.9304	0	0
Leaf99	0.586597502628037	0.77834179357022	0.0475501343808146	0.9304	0	0
Root100	0.592973562439211	0.786802030456853	0.0494102645839974	0.9278	0	0
Root101	0.563643687307809	0.747884940778342	0.0498758745204243	0.8945	0	0
Root102	0.604450470099325	0.802030456852792	0.0474712068102153	0.9318	0	0
Root105	0.570019747118984	0.756345177664975	0.0482982171799028	0.9279	0	0
Root107	0.601900046174855	0.798646362098139	0.0450338708138536	0.8959	0	0
Root11	0.60062483421262	0.796954314720812	0.0493865995596099	0.9837	1	0
Root112D2	0.526662540402998	0.698815566835871	0.0467300294184205	0.8945	0	0
Root1203	0.60062483421262	0.796954314720812	0.0468889995022399	0.9378	0	0
Root1204	0.592973562439211	0.786802030456853	0.0454767726161369	0.9396	0	0
Root1212	0.590423138514742	0.7834179357022	0.0460467429139731	0.9378	0	0
Root1217	0.571294959081219	0.758037225042301	0.0443915973047959	0.8886	0	0
Root122	0.584047078703567	0.774957698815567	0.0505351428886682	0.8954	0	0
Root1220	0.599349622250386	0.795262267343486	0.0479005299633102	0.9378	0	0
Root1221	0.564918899270044	0.749576988155668	0.0457833815626292	0.8845	0	0
Root1237	0.582771866741332	0.77326565143824	0.0454590669451905	0.8887	0	0
Root1238	0.587872714590272	0.780033840947547	0.0473014570080033	0.8845	0	0
Root123D2	0.554717203572165	0.736040609137056	0.0442883323152108	0.9224	0	0
Root1240	0.601900046174855	0.798646362098139	0.0473610274934778	0.9396	0	0
Root1252	0.609551317948264	0.808798646362098	0.0450051784201111	0.9378	0	0
Root1257	0.577671018892393	0.766497461928934	0.0455413692570624	0.8973	0	0
Root127	0.610826529910499	0.810490693739425	0.0448333957319356	0.9378	0	0
Root1272	0.544515507874286	0.722504230118443	0.0469798657718121	0.8887	0	0
Root1277	0.541965083949817	0.71912013536379	0.0444746755964839	0.9302	0	0
Root1279	0.50880957293171	0.6751269035533	0.051252408477842	0.9314	0	0
Root1280	0.530488176289703	0.703891708967851	0.0466838738637639	0.9154	0	0
Root1290	0.544515507874286	0.722504230118443	0.0427898587032769	0.9302	0	0
Root1293	0.536864236100877	0.712351945854484	0.0474954873646209	0.9018	0	0
Root1294	0.547065931798756	0.725888324873096	0.0419888421258686	0.8979	0	0
Root1295	0.60827610598603	0.807106598984772	0.0428841139980221	0.8996	0	0
Root1298	0.60827610598603	0.807106598984772	0.0457729584492851	0.9378	0	0
Root1304	0.60062483421262	0.796954314720812	0.0443210689752517	0.9026	0	0
Root131	0.60062483421262	0.796954314720812	0.0482631417153397	0.9837	1	0
Root1310	0.60827610598603	0.807106598984772	0.0404100304981362	0.8993	0	0
Root1312	0.613376953834969	0.813874788494078	0.0457833618884447	0.9378	0	0
Root1319	0.582771866741332	0.77326565143824	0.0451536409445707	0.8996	0	0
Root133	0.580221442816863	0.769881556683587	0.045062889967317	0.9019	0	0
Root1334	0.60827610598603	0.807106598984772	0.0447383230163196	0.9396	0	0
Root135	0.622303437570613	0.825719120135364	0.0407209612817089	0.8863	0	0
Root136	0.586597502628037	0.77834179357022	0.0412593057673334	0.8872	0	0
Root137	0.547065931798756	0.725888324873096	0.046951953595272	0.8814	0	0
Root140	0.562368475345575	0.746192893401015	0.0429992199687988	0.8942	0	0
Root142	0.610826529910499	0.810490693739425	0.0452912254160363	0.9378	0	0
Root1423	0.504983937045006	0.67005076142132	0.0511694017314899	0.9314	0	0
Root1433D1	0.541965083949817	0.71912013536379	0.0537158746208291	0.89	0	0
Root1444	0.567469323194514	0.752961082910321	0.0447011551983928	0.8889	0	0
Root1455	0.547065931798756	0.725888324873096	0.045077230219607	0.9233	0	0
Root1462	0.550891567685461	0.730964467005076	0.0429210134128167	0.938	0	0
Root1464	0.552166779647696	0.732656514382403	0.0489652832749067	0.8937	0	0
Root147	0.65545894858872	0.869712351945855	0.047778397471649	1	0	0
Root1471	0.578946230854628	0.768189509306261	0.0447864259642892	0.9373	0	0
Root1472	0.55854283945887	0.741116751269036	0.0445257700518451	0.9233	0	0
Root1480D1	0.573845383005688	0.761421319796954	0.0476694915254237	0.9019	0	0
Root1485	0.582771866741332	0.77326565143824	0.0436485195797517	0.9019	0	0
Root149	0.60062483421262	0.796954314720812	0.0460500586624951	0.9378	0	0
Root1497	0.545790719836521	0.72419627749577	0.0428471318450295	0.9072	0	0
Root151	0.566194111232279	0.751269035532995	0.0447625768726686	0.8942	0	0
Root154	0.563643687307809	0.747884940778342	0.042875157629256	0.9072	0	0
Root157	0.573845383005688	0.761421319796954	0.0510146241922685	0.9318	0	0
Root166	0.550891567685461	0.730964467005076	0.0513307984790875	0.89	0	0
Root16D2	0.587872714590272	0.780033840947547	0.0469928644240571	0.8845	0	0
Root170	0.567469323194514	0.752961082910321	0.045095257397649	0.903	0	0
Root172	0.60827610598603	0.807106598984772	0.0451918522027475	0.9373	0	0
Root179	0.538139448063112	0.71404399323181	0.0490013934045518	0.9151	0	0
Root180	0.553441991609931	0.734348561759729	0.0504240734286046	0.89	0	0
Root181	0.582771866741332	0.77326565143824	0.0469633131230089	0.8945	0	0
Root186	0.559818051421105	0.742808798646362	0.0520882771713337	0.8346	0	0
Root187	0.595523986363681	0.790186125211506	0.046911099949774	0.8959	0	0
Root189	0.5559924155344	0.737732656514382	0.0445762192004907	0.903	0	0
Root190	0.554717203572165	0.736040609137056	0.0473752994990198	0.8914	0	0
Root198D2	0.576395806930158	0.764805414551607	0.047759932375317	0.9019	0	0
Root209	0.564918899270044	0.749576988155668	0.0446347607052897	0.8903	0	0
Root214	0.55854283945887	0.741116751269036	0.0429117272460076	0.9072	0	0
Root217	0.596799198325916	0.791878172588833	0.0459815287875811	0.8903	0	0
Root219	0.599349622250386	0.795262267343486	0.0468781168960702	0.8903	0	0
Root22	0.535589024138642	0.710659898477157	0.0497335701598579	0.8865	0	0
Root224	0.575120594967923	0.763113367174281	0.0453357458785686	0.8973	0	0
Root227	0.540689871987582	0.717428087986464	0.0503622758047274	0.8984	0	0
Root231	0.609551317948264	0.808798646362098	0.0448910593538693	0.9378	0	0
Root236	0.580221442816863	0.769881556683587	0.04573323952156	0.8928	0	0
Root239	0.654183736626485	0.868020304568528	0.0519388478282879	1	1	0
Root240	0.548341143760991	0.727580372250423	0.0476771260671915	0.8875	0	0
Root241	0.550891567685461	0.730964467005076	0.0460750853242321	0.8973	0	0
Root258	0.607000894023795	0.805414551607445	0.0457736320800077	0.9378	0	0
Root264	0.60572568206156	0.803722504230118	0.043778801843318	0.8993	0	0
Root265	0.594248774401446	0.788494077834179	0.0425687402941445	0.8975	0	0
Root267	0.570019747118984	0.756345177664975	0.045528620900387	0.8903	0	0
Root268	0.589147926552507	0.781725888324873	0.0459472899055196	0.9378	0	0
Root274	0.601900046174855	0.798646362098139	0.0473610274934778	0.9396	0	0
Root275	0.572570171043453	0.759729272419628	0.0440844378988709	0.8903	0	0
Root278	0.60827610598603	0.807106598984772	0.0452389984825493	0.9378	0	0
Root280D1	0.545790719836521	0.72419627749577	0.0511411160234198	0.89	0	0
Root29	0.590423138514742	0.7834179357022	0.0470624110591584	0.8845	0	0
Root31	0.60317525813709	0.800338409475465	0.0454370797310279	0.9378	0	0
Root318D1	0.592973562439211	0.786802030456853	0.0452422650321074	0.8903	0	0
Root322	0.534313812176408	0.708967851099831	0.0516200566711839	0.89	0	0
Root329	0.622303437570613	0.825719120135364	0.046689628779181	0.9295	0	0
Root332	0.527937752365233	0.700507614213198	0.0516338238962335	0.9067	0	0
Root335	0.575120594967923	0.763113367174281	0.0454682931747152	0.9019	0	0
Root336D2	0.572570171043453	0.759729272419628	0.0460040983606557	0.9019	0	0
Root342	0.553441991609931	0.734348561759729	0.0424283898719327	0.9274	0	0
Root343	0.540689871987582	0.717428087986464	0.042841265029807	0.9274	0	0
Root344	0.576395806930158	0.764805414551607	0.0452497747522275	0.8928	0	0
Root351	0.581496654779098	0.771573604060914	0.0429661735607274	0.9019	0	0
Root369	0.618477801683909	0.820642978003384	0.0426523612698971	0.9024	0	0
Root381	0.586597502628037	0.77834179357022	0.0485898383859723	0.93	0	0
Root4	0.535589024138642	0.710659898477157	0.050559768869628	0.8963	0	0
Root401	0.60572568206156	0.803722504230118	0.0461702954898911	0.9295	0	0
Root402	0.568744535156749	0.754653130287648	0.0458376156217883	0.8903	0	0
Root404	0.562368475345575	0.746192893401015	0.0429155313351499	0.8845	0	0
Root405	0.567469323194514	0.752961082910321	0.0453711256117455	0.8889	0	0
Root411	0.60317525813709	0.800338409475465	0.0450218922520464	0.8903	0	0
Root413D1	0.567469323194514	0.752961082910321	0.0490790779750744	0.9279	0	0
Root418	0.587872714590272	0.780033840947547	0.0428120356612184	0.9019	0	0
Root420	0.562368475345575	0.746192893401015	0.0532994923857868	0.8346	0	0
Root423	0.60827610598603	0.807106598984772	0.0461092315128081	0.9378	0	0
Root431	0.590423138514742	0.7834179357022	0.0463649108752253	0.9026	0	0
Root434	0.589147926552507	0.781725888324873	0.0423309510720176	0.8903	0	0
Root436	0.566194111232279	0.751269035532995	0.052700296735905	0.9244	0	0
Root444D2	0.614652165797204	0.815566835871404	0.0503815198076722	0.9344	0	0
Root456	0.5559924155344	0.737732656514382	0.049925569678232	0.8898	0	0
Root472D3	0.55854283945887	0.741116751269036	0.0467798782441525	0.8914	0	0
Root473	0.580221442816863	0.769881556683587	0.0421921364985163	0.8903	0	0
Root480	0.564918899270044	0.749576988155668	0.0479385347906071	0.9151	0	0
Root482	0.586597502628037	0.77834179357022	0.0482079228673234	0.9396	0	0
Root483D1	0.604450470099325	0.802030456852792	0.0467087110760741	0.93	0	0
Root483D2	0.590423138514742	0.7834179357022	0.0461661182570545	0.9396	0	0
Root485	0.557267627496635	0.739424703891709	0.0484586382789976	0.8814	0	0
Root487D2Y	0.543240295912052	0.720812182741117	0.0440219076159967	0.9233	0	0
Root491	0.599349622250386	0.795262267343486	0.0475275558701588	0.9396	0	0
Root494	0.535589024138642	0.710659898477157	0.0508228460793804	0.9107	0	0
Root495	0.540689871987582	0.717428087986464	0.0478393320546091	0.8914	0	0
Root50	0.550891567685461	0.730964467005076	0.0433822052621008	0.8979	0	0
Root52	0.591698350476976	0.785109983079526	0.0541992757855391	0.9464	0	0
Root53	0.536864236100877	0.712351945854484	0.0551480220068116	0.89	0	0
Root55	0.594248774401446	0.788494077834179	0.0432322107802208	0.8996	0	0
Root552	0.575120594967923	0.763113367174281	0.0505548705302096	0.9318	0	0
Root553	0.540689871987582	0.717428087986464	0.0494806861944218	0.89	0	0
Root554	0.578946230854628	0.768189509306261	0.0448041053982039	0.9373	0	0
Root558	0.614652165797204	0.815566835871404	0.0454802792979807	0.9378	0	0
Root559	0.549616355723226	0.72927241962775	0.0523757443188723	0.9107	0	0
Root561	0.540689871987582	0.717428087986464	0.0471006443012664	0.9151	0	0
Root562	0.60827610598603	0.807106598984772	0.0474863115978099	0.9295	0	0
Root563	0.568744535156749	0.754653130287648	0.0471558469020935	0.8945	0	0
Root564	0.585322290665802	0.776649746192893	0.0500709065124905	0.9396	0	0
Root565	0.578946230854628	0.768189509306261	0.0421463052357965	0.903	0	0
Root568	0.563643687307809	0.747884940778342	0.0465606236174023	0.8903	0	0
Root569	0.624853861495083	0.829103214890017	0.0482806187801754	0.9295	0	0
Root60	0.548341143760991	0.727580372250423	0.0475243147656941	0.9018	0	0
Root604	0.553441991609931	0.734348561759729	0.048951048951049	0.9102	0	0
Root608	0.493507029384892	0.654822335025381	0.0484840892007016	0.9314	0	0
Root61	0.55854283945887	0.741116751269036	0.045497039576192	0.89	0	0
Root614	0.575120594967923	0.763113367174281	0.0449561403508772	0.8914	0	0
Root627	0.553441991609931	0.734348561759729	0.0474420638390905	0.9151	0	0
Root63	0.607000894023795	0.805414551607445	0.0434742898894876	0.8996	0	0
Root630	0.56109326338334	0.744500846023689	0.0496613995485327	0.9147	0	0
Root635	0.544515507874286	0.722504230118443	0.0549620285751062	0.9244	0	0
Root65	0.538139448063112	0.71404399323181	0.0468836795911565	0.9147	0	0
Root651	0.594248774401446	0.788494077834179	0.0471230660329659	0.9396	0	0
Root655	0.554717203572165	0.736040609137056	0.043864071795906	0.9233	0	0
Root656	0.540689871987582	0.717428087986464	0.0434782608695652	0.9233	0	0
Root662	0.564918899270044	0.749576988155668	0.0452133088385385	0.8889	0	0
Root667	0.550891567685461	0.730964467005076	0.0513491025793415	0.9107	0	0
Root66D1	0.601900046174855	0.798646362098139	0.0436027713625866	0.9026	0	0
Root670	0.580221442816863	0.769881556683587	0.0487047741383001	0.93	0	0
Root672	0.512635208818415	0.680203045685279	0.0446220446220446	0.9167	0	0
Root68	0.601900046174855	0.798646362098139	0.0442030342760817	0.9295	0	0
Root682	0.577671018892393	0.766497461928934	0.0451240163362885	0.8914	0	0
Root685	0.541965083949817	0.71912013536379	0.0470809792843691	0.9265	0	0
Root690	0.564918899270044	0.749576988155668	0.0483044379020827	0.9107	0	0
Root695	0.592973562439211	0.786802030456853	0.0473137973137973	0.9318	0	0
Root70	0.564918899270044	0.749576988155668	0.0481469405499402	0.8886	0	0
Root700	0.545790719836521	0.72419627749577	0.0446950710108605	0.9302	0	0
Root708	0.596799198325916	0.791878172588833	0.047517514468474	0.9378	0	0
Root71	0.60317525813709	0.800338409475465	0.046137339055794	0.9295	0	0
Root710	0.535589024138642	0.710659898477157	0.0421010425020048	0.8979	0	0
Root720	0.548341143760991	0.727580372250423	0.0419471271095503	0.8979	0	0
Root73	0.607000894023795	0.805414551607445	0.0458883640219801	0.9396	0	0
Root74	0.614652165797204	0.815566835871404	0.0459135073347304	0.9378	0	0
Root76	0.552166779647696	0.732656514382403	0.0506610506610507	0.9107	0	0
Root77	0.547065931798756	0.725888324873096	0.0435887014834383	0.9302	0	0
Root79	0.549616355723226	0.72927241962775	0.0470832422984488	0.8875	0	0
Root81	0.553441991609931	0.734348561759729	0.0499367161431366	0.8937	0	0
Root83	0.575120594967923	0.763113367174281	0.0436170212765957	0.903	0	0
Root85	0.585322290665802	0.776649746192893	0.0496108949416342	0.8945	0	0
Root9	0.619753013646143	0.822335025380711	0.0475119757552058	0.9295	0	0
Root901	0.557267627496635	0.739424703891709	0.0518940743379646	0.8326	0	0
Root916	0.575120594967923	0.763113367174281	0.0501612723834946	0.9102	0	0
Root918	0.530488176289703	0.703891708967851	0.0488091047753139	0.8865	0	0
Root920	0.585322290665802	0.776649746192893	0.0489704470286995	1	1	0
Root930	0.553441991609931	0.734348561759729	0.0470103986135182	0.8814	0	0
Root935	0.557267627496635	0.739424703891709	0.0507962338719051	0.8346	0	0
Root954	0.614652165797204	0.815566835871404	0.045067788686302	0.9378	0	0
Root96	0.5559924155344	0.737732656514382	0.050005734602592	0.9107	0	0
Root983	0.553441991609931	0.734348561759729	0.0489455283635954	0.9102	0	0
Soil522	0.595523986363681	0.790186125211506	0.0535059578368469	0.9505	0	0
Soil531	0.658009372513189	0.873096446700508	0.0479732242469319	1	0	1
Soil535	0.550891567685461	0.730964467005076	0.0510517608130466	0.8937	0	0
Soil538	0.60317525813709	0.800338409475465	0.0414839501841782	0.8949	0	0
Soil724D2	0.615927377759439	0.817258883248731	0.0499948245523238	0.9344	0	0
Soil728	0.554717203572165	0.736040609137056	0.0504757484335113	0.8945	0	0
Soil729	0.552166779647696	0.732656514382403	0.0478453038674033	0.8988	0	0
Soil736	0.572570171043453	0.759729272419628	0.0465622731515089	0.885	0	0
Soil745	0.65035810073978	0.862944162436548	0.0512614333098804	0.992	1	0
Soil748	0.557267627496635	0.739424703891709	0.0501722158438576	0.8945	0	0
Soil750	0.60317525813709	0.800338409475465	0.0506695232994108	0.9344	0	0
Soil756	0.545790719836521	0.72419627749577	0.0489758553610253	0.903	0	0
Soil761	0.567469323194514	0.752961082910321	0.0487671232876712	0.8889	0	0
Soil762	0.572570171043453	0.759729272419628	0.0508724223883979	0.8889	0	0
Soil763	0.545790719836521	0.72419627749577	0.0499183578259855	0.885	0	0
Soil764	0.567469323194514	0.752961082910321	0.0490466218450347	0.8889	0	0
Soil766	0.592973562439211	0.786802030456853	0.0529311326124075	0.9344	0	0
Soil768D1	0.649082888777545	0.861252115059222	0.0513053119645197	0.9921	1	0
Soil772	0.533038600214173	0.707275803722504	0.0494148244473342	0.9151	0	0
Soil773	0.570019747118984	0.756345177664975	0.0510565391205026	0.9151	0	0
Soil774	0.544515507874286	0.722504230118443	0.0521240234375	0.8954	0	0
Soil777	0.552166779647696	0.732656514382403	0.0490096208262592	0.8973	0	0
Soil782	0.550891567685461	0.730964467005076	0.0505558806319485	0.885	0	0
Soil787	0.618477801683909	0.820642978003384	0.0521057155135367	0.9344	0	0
Soil796	0.563643687307809	0.747884940778342	0.0435940428050104	0.8942	0	0
Soil797	0.554717203572165	0.736040609137056	0.0481834293309703	0.8942	0	0
Soil802	0.55854283945887	0.741116751269036	0.0500342700479781	0.8945	0	0
Soil803	0.570019747118984	0.756345177664975	0.0457851070367715	0.8945	0	0
Soil805	0.553441991609931	0.734348561759729	0.0471175768103355	0.8973	0	0
Soil809	0.524112116478529	0.695431472081218	0.0529707436525325	0.9067	0	0
Soil810	0.586597502628037	0.77834179357022	0.0465116279069767	0.8945	0	0
Soil811	0.586597502628037	0.77834179357022	0.050125313283208	0.8945	0	0
