Row	p_EC	sensitivity	precision	relation	genus	species
Leaf1	0.514020280916982	0.603268945022288	0.518849840255591	0.889	0	0
Leaf10	0.49086621420901	0.588410104011887	0.49438202247191	0.9091	0	0
Leaf100	0.467712147501038	0.562407132243685	0.516019086571234	0.9304	0	0
Leaf102	0.472342960842632	0.572808320950966	0.517102615694165	0.9304	0	0
Leaf104	0.507845863128189	0.606240713224368	0.486003573555688	0.9304	0	0
Leaf106	0.493953423103406	0.592867756315007	0.48159324079662	0.9277	0	0
Leaf108	0.484691796420217	0.586181277860327	0.494360902255639	0.9304	0	0
Leaf11	0.47388656528983	0.577265973254086	0.49146110056926	0.9058	0	0
Leaf111	0.495497027550604	0.595839524517088	0.490220048899756	0.9304	0	0
Leaf112	0.481604587525821	0.575037147102526	0.506544502617801	0.9304	0	0
Leaf113	0.463081334159443	0.566121842496285	0.506986027944112	0.9304	0	0
Leaf117	0.470799356395434	0.571322436849926	0.513694054776219	0.9304	0	0
Leaf119	0.484691796420217	0.580237741456166	0.514154048716261	0.9252	0	0
Leaf121	0.497040631997802	0.596582466567608	0.488145896656535	0.9252	0	0
Leaf122	0.498584236445	0.596582466567608	0.484903381642512	0.9252	0	0
Leaf123	0.487779005314613	0.583209509658247	0.519523494374586	0.9252	0	0
Leaf125	0.492409818656208	0.593610698365527	0.478729778310366	0.9304	0	0
Leaf126	0.497040631997802	0.594353640416048	0.476190476190476	0.9019	0	0
Leaf127	0.507845863128189	0.587667161961367	0.485573971761817	0.9295	0	0
Leaf129	0.507845863128189	0.597325408618128	0.490543014032947	0.9295	0	0
Leaf13	0.551066787649737	0.639673105497771	0.527573529411765	0.9919	1	0
Leaf130	0.510933072022586	0.606240713224368	0.493051359516616	0.9158	0	0
Leaf131	0.497040631997802	0.595839524517088	0.476530005941771	0.9147	0	0
Leaf137	0.512476676469784	0.609212481426449	0.513784461152882	0.8889	0	0
Leaf139	0.509389467575388	0.602526002971768	0.47510251903925	0.9019	0	0
Leaf141	0.501671445339397	0.591381872213967	0.547455295735901	0.8889	0	0
Leaf145	0.514020280916982	0.604754829123328	0.510025062656642	0.8889	0	0
Leaf148	0.493953423103406	0.596582466567608	0.479689366786141	0.9147	0	0
Leaf15	0.518651094258576	0.608469539375929	0.469340974212034	0.9295	0	0
Leaf151	0.514020280916982	0.595839524517088	0.561624649859944	0.89	0	0
Leaf154	0.486235400867415	0.583209509658247	0.52228875582169	0.89	0	0
Leaf155	0.524825512047369	0.615156017830609	0.483362521891419	0.9396	0	0
Leaf159	0.506302258680991	0.584695393759287	0.560142348754448	0.89	0	0
Leaf16	0.478517378631425	0.571322436849926	0.51645399597045	0.9091	0	0
Leaf160	0.521738303152973	0.618127786032689	0.492890995260663	0.8886	0	0
Leaf161	0.521738303152973	0.606240713224368	0.533333333333333	0.89	0	0
Leaf164	0.469255751948236	0.548291233283804	0.556981132075472	0.8985	0	0
Leaf168	0.476973774184226	0.575780089153046	0.512905360688286	0.9314	0	0
Leaf17	0.493953423103406	0.586181277860327	0.502547770700637	0.8973	0	0
Leaf171	0.510933072022586	0.594353640416048	0.555555555555556	0.889	0	0
Leaf172	0.455363311923452	0.538632986627043	0.542664670658683	0.8945	0	0
Leaf176	0.501671445339397	0.575780089153046	0.524357239512855	0.8578	0	0
Leaf177	0.547979578755341	0.641901931649331	0.473684210526316	0.9033	0	0
Leaf179	0.497040631997802	0.588410104011887	0.565310492505353	0.89	0	0
Leaf180	0.453819707476254	0.542347696879643	0.493576741041244	0.8293	0	0
Leaf182	0.543348765413747	0.63075780089153	0.526674937965261	0.9662	0	0
Leaf183	0.480060983078623	0.572808320950966	0.512974051896208	0.89	0	0
Leaf185	0.520194698705775	0.606240713224368	0.521405750798722	0.8945	0	0
Leaf186	0.475430169737028	0.572065378900446	0.524523160762943	0.8945	0	0
Leaf187	0.476973774184226	0.572065378900446	0.538838348495451	0.9625	0	0
Leaf189	0.523281907600171	0.609212481426449	0.505860579888957	0.837	0	0
Leaf191	0.495497027550604	0.586924219910847	0.491905354919054	0.8886	0	0
Leaf194	0.503215049786595	0.580237741456166	0.525925925925926	0.8578	0	0
Leaf196	0.480060983078623	0.572808320950966	0.546033994334278	0.9625	0	0
Leaf198	0.487779005314613	0.586924219910847	0.491599253266957	0.9005	0	0
Leaf2	0.507845863128189	0.601040118870728	0.5	0.9151	0	0
Leaf20	0.518651094258576	0.612184249628529	0.494894894894895	0.9005	0	0
Leaf201	0.461537729712245	0.543833580980683	0.502402196293754	0.8274	0	0
Leaf202	0.503215049786595	0.580980683506687	0.506804925469864	0.9396	0	0
Leaf203	0.518651094258576	0.606983655274889	0.530864197530864	0.89	0	0
Leaf208	0.495497027550604	0.595096582466568	0.489010989010989	0.9005	0	0
Leaf210	0.501671445339397	0.590638930163447	0.532484929671802	0.8945	0	0
Leaf216	0.51556388536418	0.590638930163447	0.539348710990502	0.8561	0	0
Leaf22	0.486235400867415	0.585438335809807	0.494974874371859	0.9022	0	0
Leaf220	0.49086621420901	0.584695393759287	0.500954805856143	0.8903	0	0
Leaf222	0.518651094258576	0.609955423476969	0.5242656449553	0.8898	0	0
Leaf225	0.524825512047369	0.612184249628529	0.504283965728274	0.8996	0	0
Leaf226	0.495497027550604	0.593610698365527	0.50251572327044	0.9012	0	0
Leaf23	0.469255751948236	0.554234769687964	0.515905947441217	0.9058	0	0
Leaf230	0.501671445339397	0.594353640416048	0.50093926111459	0.9005	0	0
Leaf231	0.489322609761812	0.580980683506687	0.490897677338355	0.9016	0	0
Leaf233	0.520194698705775	0.598811292719168	0.52576647097195	0.8973	0	0
Leaf234	0.495497027550604	0.594353640416048	0.520494469746259	0.885	0	0
Leaf24	0.487779005314613	0.588410104011887	0.505102040816326	0.9058	0	0
Leaf242	0.504758654233793	0.600297176820208	0.493284493284493	0.9005	0	0
Leaf244	0.492409818656208	0.585438335809807	0.508387096774194	0.8945	0	0
Leaf245	0.463081334159443	0.542347696879643	0.567651632970451	0.8928	0	0
Leaf247	0.514020280916982	0.606983655274889	0.518072289156627	0.8996	0	0
Leaf25	0.493953423103406	0.590638930163447	0.488629379225569	0.9058	0	0
Leaf254	0.478517378631425	0.573551263001486	0.520215633423181	0.8945	0	0
Leaf257	0.481604587525821	0.564635958395245	0.534834623504574	0.9016	0	0
Leaf258	0.527912720941765	0.615156017830609	0.488495575221239	0.8996	0	0
Leaf26	0.486235400867415	0.575780089153046	0.500645994832041	0.9133	0	0
Leaf261	0.469255751948236	0.567607726597325	0.550829127613554	0.89	0	0
Leaf262	0.537174347624954	0.63075780089153	0.478849407783418	0.9396	0	0
Leaf263	0.461537729712245	0.545319465081724	0.544510385756677	0.8945	0	0
Leaf264	0.500127840892199	0.588410104011887	0.513285806869734	0.9018	0	0
Leaf265	0.534087138730558	0.62852897473997	0.462295081967213	0.8886	0	0
Leaf267	0.526369116494567	0.61887072808321	0.464325529542921	0.8903	0	0
Leaf272	0.467712147501038	0.560921248142645	0.541995692749462	0.8928	0	0
Leaf274	0.535630743177756	0.63001485884101	0.471372984991662	0.8886	0	0
Leaf278	0.53254353428336	0.61887072808321	0.502412545235223	0.8973	0	0
Leaf28	0.495497027550604	0.595839524517088	0.48962148962149	0.9005	0	0
Leaf280	0.47388656528983	0.574294205052006	0.512259774685222	0.9314	0	0
Leaf283	0.504758654233793	0.592124814264487	0.556953179594689	0.8945	0	0
Leaf285	0.483148191973019	0.587667161961367	0.495303694427051	0.8973	0	0
Leaf288	0.526369116494567	0.615156017830609	0.524382520582647	0.89	0	0
Leaf289	0.47388656528983	0.566121842496285	0.525879917184265	0.8928	0	0
Leaf29	0.483148191973019	0.586181277860327	0.490366687383468	0.9091	0	0
Leaf291	0.470799356395434	0.561664190193165	0.544668587896254	0.8928	0	0
Leaf294	0.520194698705775	0.606240713224368	0.521405750798722	0.8945	0	0
Leaf296	0.514020280916982	0.596582466567608	0.507906388361796	0.8987	0	0
Leaf299	0.517107489811378	0.592124814264487	0.563649222065064	0.8988	0	0
Leaf3	0.49086621420901	0.578008915304606	0.542160278745645	0.8939	0	0
Leaf30	0.492409818656208	0.589895988112927	0.495630461922597	0.9012	0	0
Leaf304	0.469255751948236	0.552005943536404	0.5467255334805	0.8945	0	0
Leaf306	0.521738303152973	0.611441307578009	0.478766724840023	0.9378	0	0
Leaf307	0.481604587525821	0.575037147102526	0.556834532374101	0.8973	0	0
Leaf311	0.498584236445	0.579494799405646	0.500320718409237	0.9396	0	0
Leaf314	0.512476676469784	0.604011887072808	0.520486555697823	0.889	0	0
Leaf32	0.483148191973019	0.586181277860327	0.490366687383468	0.9091	0	0
Leaf320	0.509389467575388	0.601783060921248	0.543989254533244	0.89	0	0
Leaf321	0.535630743177756	0.62481426448737	0.487536231884058	0.9378	0	0
Leaf324	0.503215049786595	0.594353640416048	0.503778337531486	0.9295	0	0
Leaf325	0.500127840892199	0.590638930163447	0.521996060407091	0.9018	0	0
Leaf326	0.493953423103406	0.580237741456166	0.536401098901099	0.9064	0	0
Leaf33	0.47388656528983	0.557949479940565	0.533759772565743	0.9091	0	0
Leaf334	0.501671445339397	0.579494799405646	0.536820371644873	0.8814	0	0
Leaf335	0.500127840892199	0.581723625557207	0.556899004267425	0.8945	0	0
Leaf336	0.509389467575388	0.589153046062407	0.553384508025122	0.8984	0	0
Leaf337	0.523281907600171	0.613670133729569	0.519496855345912	0.885	0	0
Leaf339	0.484691796420217	0.587667161961367	0.487068965517241	0.8973	0	0
Leaf34	0.492409818656208	0.593610698365527	0.501569365976146	0.9012	0	0
Leaf341	0.512476676469784	0.607726597325409	0.479484173505276	0.9378	0	0
Leaf343	0.481604587525821	0.582466567607727	0.496516782773908	0.9012	0	0
Leaf344	0.504758654233793	0.594353640416048	0.519143413367943	0.93	0	0
Leaf347	0.495497027550604	0.583209509658247	0.518494055482166	0.89	0	0
Leaf351	0.476973774184226	0.557206537890045	0.553914327917282	0.89	0	0
Leaf354	0.503215049786595	0.590638930163447	0.518590998043053	0.8973	0	0
Leaf357	0.480060983078623	0.578751857355126	0.493350221659278	0.8993	0	0
Leaf359	0.42449122297949	0.50594353640416	0.522239263803681	0.8307	0	0
Leaf361	0.517107489811378	0.608469539375929	0.479789103690685	0.9198	0	0
Leaf363	0.466168543053839	0.555720653789004	0.509189925119129	0.9314	0	0
Leaf369	0.500127840892199	0.588410104011887	0.502219403931516	0.8907	0	0
Leaf371	0.510933072022586	0.594353640416048	0.494132180358246	0.9378	0	0
Leaf38	0.495497027550604	0.595839524517088	0.502191609267376	0.9012	0	0
Leaf380	0.500127840892199	0.589895988112927	0.503487634749524	0.8936	0	0
Leaf383	0.507845863128189	0.604754829123328	0.482513337285122	0.9378	0	0
Leaf384	0.500127840892199	0.586924219910847	0.501587301587302	0.9378	0	0
Leaf386	0.538717952072152	0.62852897473997	0.471571906354515	0.9396	0	0
Leaf391	0.529456325388963	0.62109955423477	0.469926925238898	0.9396	0	0
Leaf394	0.455363311923452	0.539375928677563	0.500344589937974	0.8331	0	0
Leaf395	0.523281907600171	0.609955423476969	0.521601016518424	0.8814	0	0
Leaf396	0.554153996544134	0.636701337295691	0.479574706211528	0.9224	0	0
Leaf399	0.472342960842632	0.566864784546805	0.519047619047619	0.9304	0	0
Leaf400	0.514020280916982	0.606983655274889	0.471709006928406	0.8903	0	0
Leaf404	0.447645289687462	0.529717682020802	0.50317572335921	0.8331	0	0
Leaf405	0.481604587525821	0.560178306092125	0.506040268456376	0.8331	0	0
Leaf406	0.520194698705775	0.612184249628529	0.532299741602067	1	1	0
Leaf407	0.481604587525821	0.560921248142645	0.512907608695652	0.9058	0	0
Leaf41	0.506302258680991	0.578008915304606	0.538035961272476	0.8561	0	0
Leaf412	0.475430169737028	0.567607726597325	0.531293463143255	0.8973	0	0
Leaf414	0.421404014085093	0.513372956909361	0.5282874617737	0.9064	0	0
Leaf415	0.478517378631425	0.573551263001486	0.520215633423181	0.8945	0	0
Leaf416	0.450732498581858	0.546805349182764	0.50828729281768	0.9064	0	0
Leaf42	0.472342960842632	0.555720653789004	0.510928961748634	0.9058	0	0
Leaf420	0.493953423103406	0.592124814264487	0.503792667509482	0.9186	0	0
Leaf427	0.520194698705775	0.613670133729569	0.491666666666667	0.9278	0	0
Leaf434	0.509389467575388	0.597325408618128	0.475458308693081	0.9295	0	0
Leaf436	0.501671445339397	0.589895988112927	0.566333808844508	0.89	0	0
Leaf44	0.467712147501038	0.549777117384844	0.563165905631659	0.8945	0	0
Leaf443	0.507845863128189	0.592867756315007	0.51252408477842	0.9357	0	0
Leaf446	0.497040631997802	0.580237741456166	0.55945558739255	0.893	0	0
Leaf453	0.524825512047369	0.608469539375929	0.490419161676647	0.9396	0	0
Leaf454	0.538717952072152	0.62481426448737	0.493255131964809	0.9314	0	0
Leaf456	0.487779005314613	0.584695393759287	0.484009840098401	0.9252	0	0
Leaf459	0.426034827426688	0.511887072808321	0.525553012967201	0.9064	0	0
Leaf460	0.523281907600171	0.615156017830609	0.485345838218054	0.9278	0	0
Leaf465	0.495497027550604	0.595096582466568	0.484573502722323	0.9304	0	0
Leaf466	0.475430169737028	0.569093610698366	0.51652056641942	0.9304	0	0
Leaf469	0.492409818656208	0.589895988112927	0.49439601494396	0.9304	0	0
Leaf48	0.510933072022586	0.598811292719168	0.47162083089526	0.9295	0	0
Leaf49	0.510933072022586	0.606983655274889	0.543941411451398	1	1	0
Leaf5	0.497040631997802	0.594353640416048	0.509554140127389	0.9058	0	0
Leaf50	0.558784809885728	0.643387815750372	0.479247371333702	0.8949	0	0
Leaf51	0.547979578755341	0.62778603268945	0.492137449039022	0.8949	0	0
Leaf53	0.529456325388963	0.61887072808321	0.489711934156379	0.8968	0	0
Leaf58	0.504758654233793	0.594353640416048	0.48661800486618	0.9295	0	0
Leaf61	0.517107489811378	0.611441307578009	0.481005260081823	0.9019	0	0
Leaf62	0.469255751948236	0.560178306092125	0.512925170068027	0.9022	0	0
Leaf64	0.466168543053839	0.559435364041605	0.517881705639615	0.9145	0	0
Leaf67	0.492409818656208	0.591381872213967	0.491054904380012	0.9022	0	0
Leaf68	0.503215049786595	0.580980683506687	0.506804925469864	0.9396	0	0
Leaf69	0.504758654233793	0.594353640416048	0.514469453376206	0.8889	0	0
Leaf7	0.514020280916982	0.606983655274889	0.518072289156627	0.8996	0	0
Leaf70	0.475430169737028	0.567607726597325	0.527624309392265	0.9151	0	0
Leaf72	0.53254353428336	0.618127786032689	0.552090245520902	0.9505	0	0
Leaf75	0.552610392096936	0.635215453194651	0.529411764705882	1	0	1
Leaf76	0.495497027550604	0.586924219910847	0.491905354919054	0.8886	0	0
Leaf78	0.501671445339397	0.589153046062407	0.485906862745098	0.8903	0	0
Leaf8	0.452276103029056	0.548291233283804	0.560364464692483	0.8945	0	0
Leaf82	0.503215049786595	0.584695393759287	0.521883289124668	0.8346	0	0
Leaf83	0.509389467575388	0.601040118870728	0.485011990407674	0.9255	0	0
Leaf84	0.493953423103406	0.583952451708767	0.486988847583643	0.8886	0	0
Leaf85	0.483148191973019	0.585438335809807	0.481368356750153	0.9277	0	0
Leaf86	0.470799356395434	0.566121842496285	0.508338892595063	0.9277	0	0
Leaf87	0.47388656528983	0.567607726597325	0.5137861466039	0.9304	0	0
Leaf88	0.478517378631425	0.575037147102526	0.511566424322538	0.9304	0	0
Leaf89	0.489322609761812	0.581723625557207	0.519230769230769	0.9304	0	0
Leaf9	0.47388656528983	0.577265973254086	0.49146110056926	0.9058	0	0
Leaf90	0.478517378631425	0.574294205052006	0.519838601210491	0.9252	0	0
Leaf91	0.487779005314613	0.588410104011887	0.482045039561777	0.9277	0	0
Leaf92	0.495497027550604	0.592867756315007	0.480722891566265	0.9252	0	0
Leaf93	0.475430169737028	0.580237741456166	0.48120764017252	0.9277	0	0
Leaf94	0.493953423103406	0.595096582466568	0.484280532043531	0.9304	0	0
Leaf99	0.493953423103406	0.592867756315007	0.491076923076923	0.9304	0	0
Root100	0.53254353428336	0.62407132243685	0.486392588303416	0.9278	0	0
Root101	0.506302258680991	0.598068350668648	0.517352185089974	0.8945	0	0
Root102	0.537174347624954	0.62704309063893	0.479545454545455	0.9318	0	0
Root105	0.512476676469784	0.604011887072808	0.518825781748564	0.9279	0	0
Root107	0.523281907600171	0.617384843982169	0.499699338544799	0.8959	0	0
Root11	0.51556388536418	0.601040118870728	0.58117816091954	0.9837	1	0
Root112D2	0.489322609761812	0.576523031203566	0.552313167259787	0.8945	0	0
Root1203	0.534087138730558	0.62704309063893	0.47737556561086	0.9378	0	0
Root1204	0.53254353428336	0.618127786032689	0.493183165382336	0.9396	0	0
Root1212	0.53254353428336	0.62407132243685	0.487521764364481	0.9378	0	0
Root1217	0.517107489811378	0.606983655274889	0.50307881773399	0.8886	0	0
Root122	0.526369116494567	0.611441307578009	0.514375	0.8954	0	0
Root1220	0.534087138730558	0.62630014858841	0.480068337129841	0.9378	0	0
Root1221	0.507845863128189	0.597325408618128	0.471001757469244	0.8845	0	0
Root1237	0.527912720941765	0.617384843982169	0.483983692486896	0.8887	0	0
Root1238	0.520194698705775	0.606240713224368	0.494845360824742	0.8845	0	0
Root123D2	0.506302258680991	0.604011887072808	0.485373134328358	0.9224	0	0
Root1240	0.538717952072152	0.62332838038633	0.496449704142012	0.9396	0	0
Root1252	0.54026155651935	0.63150074294205	0.466264399341744	0.9378	0	0
Root1257	0.506302258680991	0.598068350668648	0.523747560182173	0.8973	0	0
Root127	0.535630743177756	0.62407132243685	0.490081680280047	0.9378	0	0
Root1272	0.489322609761812	0.585438335809807	0.476709013914096	0.8887	0	0
Root1277	0.483148191973019	0.583952451708767	0.485784919653894	0.9302	0	0
Root1279	0.455363311923452	0.551263001485884	0.522903453136011	0.9314	0	0
Root1280	0.498584236445	0.588410104011887	0.50965250965251	0.9154	0	0
Root1290	0.483148191973019	0.583952451708767	0.485784919653894	0.9302	0	0
Root1293	0.498584236445	0.580237741456166	0.56227501799856	0.9018	0	0
Root1294	0.498584236445	0.601040118870728	0.487643158529234	0.8979	0	0
Root1295	0.53254353428336	0.62184249628529	0.49468085106383	0.8996	0	0
Root1298	0.544892369860945	0.635215453194651	0.472898230088496	0.9378	0	0
Root1304	0.526369116494567	0.613670133729569	0.532216494845361	0.9026	0	0
Root131	0.51556388536418	0.601040118870728	0.58117816091954	0.9837	1	0
Root1310	0.529456325388963	0.62184249628529	0.478559176672384	0.8993	0	0
Root1312	0.546435974308143	0.636701337295691	0.474004424778761	0.9378	0	0
Root1319	0.510933072022586	0.605497771173848	0.543695797198132	0.8996	0	0
Root133	0.53254353428336	0.62035661218425	0.479059093516925	0.9019	0	0
Root1334	0.546435974308143	0.632986627043091	0.477310924369748	0.9396	0	0
Root135	0.549523183202539	0.63075780089153	0.493891797556719	0.8863	0	0
Root136	0.506302258680991	0.594353640416048	0.496585971446307	0.8872	0	0
Root137	0.504758654233793	0.586924219910847	0.546712802768166	0.8814	0	0
Root140	0.489322609761812	0.567607726597325	0.517615176151762	0.8942	0	0
Root142	0.547979578755341	0.636701337295691	0.468562055768179	0.9378	0	0
Root1423	0.466168543053839	0.569093610698366	0.493556701030928	0.9314	0	0
Root1433D1	0.509389467575388	0.583209509658247	0.56312769010043	0.89	0	0
Root1444	0.517107489811378	0.609955423476969	0.47704822777455	0.8889	0	0
Root1455	0.478517378631425	0.581723625557207	0.484230055658627	0.9233	0	0
Root1462	0.493953423103406	0.593610698365527	0.478729778310366	0.938	0	0
Root1464	0.509389467575388	0.596582466567608	0.571937321937322	0.8937	0	0
Root147	0.546435974308143	0.63075780089153	0.540076335877863	1	0	0
Root1471	0.493953423103406	0.583209509658247	0.50974025974026	0.9373	0	0
Root1472	0.492409818656208	0.591381872213967	0.478078078078078	0.9233	0	0
Root1480D1	0.514020280916982	0.601040118870728	0.495407225964483	0.9019	0	0
Root1485	0.535630743177756	0.61887072808321	0.491155660377358	0.9019	0	0
Root149	0.549523183202539	0.637444279346211	0.479597540525433	0.9378	0	0
Root1497	0.514020280916982	0.608469539375929	0.492779783393502	0.9072	0	0
Root151	0.493953423103406	0.571322436849926	0.527796842827728	0.8942	0	0
Root154	0.504758654233793	0.601040118870728	0.497234173325138	0.9072	0	0
Root157	0.518651094258576	0.608469539375929	0.513157894736842	0.9318	0	0
Root166	0.501671445339397	0.582466567607727	0.567293777134588	0.89	0	0
Root16D2	0.514020280916982	0.601783060921248	0.493300852618758	0.8845	0	0
Root170	0.517107489811378	0.598811292719168	0.504380475594493	0.903	0	0
Root172	0.546435974308143	0.62555720653789	0.5	0.9373	0	0
Root179	0.484691796420217	0.580980683506687	0.491206030150754	0.9151	0	0
Root180	0.517107489811378	0.604011887072808	0.521153846153846	0.89	0	0
Root181	0.510933072022586	0.601040118870728	0.492092457420925	0.8945	0	0
Root186	0.517107489811378	0.589153046062407	0.51796211626388	0.8346	0	0
Root187	0.512476676469784	0.601040118870728	0.540053404539386	0.8959	0	0
Root189	0.518651094258576	0.613670133729569	0.469051675184554	0.903	0	0
Root190	0.49086621420901	0.574294205052006	0.556115107913669	0.8914	0	0
Root198D2	0.514020280916982	0.604754829123328	0.5	0.9019	0	0
Root209	0.517107489811378	0.610698365527489	0.472957422324511	0.8903	0	0
Root214	0.495497027550604	0.582466567607727	0.510084580351334	0.9072	0	0
Root217	0.526369116494567	0.618127786032689	0.47032221594121	0.8903	0	0
Root219	0.527912720941765	0.61961367013373	0.469594594594595	0.8903	0	0
Root22	0.49086621420901	0.582466567607727	0.516129032258065	0.8865	0	0
Root224	0.504758654233793	0.597325408618128	0.521739130434783	0.8973	0	0
Root227	0.497040631997802	0.581723625557207	0.587837837837838	0.8984	0	0
Root231	0.54026155651935	0.63150074294205	0.466264399341744	0.9378	0	0
Root236	0.483148191973019	0.581723625557207	0.510097719869707	0.8928	0	0
Root239	0.555697600991332	0.638930163447251	0.540201005025126	1	1	0
Root240	0.478517378631425	0.565378900445765	0.537429378531073	0.8875	0	0
Root241	0.497040631997802	0.592867756315007	0.495652173913044	0.8973	0	0
Root258	0.54026155651935	0.63150074294205	0.466264399341744	0.9378	0	0
Root264	0.547979578755341	0.62927191679049	0.519631901840491	0.8993	0	0
Root265	0.527912720941765	0.612184249628529	0.48187134502924	0.8975	0	0
Root267	0.521738303152973	0.611441307578009	0.491636798088411	0.8903	0	0
Root268	0.529456325388963	0.62184249628529	0.485780615206036	0.9378	0	0
Root274	0.538717952072152	0.62332838038633	0.496449704142012	0.9396	0	0
Root275	0.529456325388963	0.62258543833581	0.465555555555556	0.8903	0	0
Root278	0.547979578755341	0.635958395245171	0.4752915047196	0.9378	0	0
Root280D1	0.509389467575388	0.599554234769688	0.529180327868852	0.89	0	0
Root29	0.523281907600171	0.608469539375929	0.496062992125984	0.8845	0	0
Root31	0.541805160966549	0.63075780089153	0.468543046357616	0.9378	0	0
Root318D1	0.54026155651935	0.62927191679049	0.478531073446328	0.8903	0	0
Root322	0.495497027550604	0.574294205052006	0.560957910014514	0.89	0	0
Root329	0.529456325388963	0.604754829123328	0.48452380952381	0.9295	0	0
Root332	0.480060983078623	0.574294205052006	0.530906593406593	0.9067	0	0
Root335	0.523281907600171	0.618127786032689	0.483720930232558	0.9019	0	0
Root336D2	0.509389467575388	0.600297176820208	0.496619545175169	0.9019	0	0
Root342	0.484691796420217	0.589153046062407	0.475990396158463	0.9274	0	0
Root343	0.467712147501038	0.565378900445765	0.482561826252378	0.9274	0	0
Root344	0.483148191973019	0.582466567607727	0.511415525114155	0.8928	0	0
Root351	0.53254353428336	0.62481426448737	0.467222222222222	0.9019	0	0
Root369	0.535630743177756	0.62109955423477	0.495554238292828	0.9024	0	0
Root381	0.524825512047369	0.62035661218425	0.480161012075906	0.93	0	0
Root4	0.498584236445	0.579494799405646	0.548137737174982	0.8963	0	0
Root401	0.51556388536418	0.606983655274889	0.472527472527473	0.9295	0	0
Root402	0.506302258680991	0.591381872213967	0.50571791613723	0.8903	0	0
Root404	0.518651094258576	0.612927191679049	0.475504322766571	0.8845	0	0
Root405	0.517107489811378	0.609955423476969	0.482090428655314	0.8889	0	0
Root411	0.535630743177756	0.615898959881129	0.505796217205613	0.8903	0	0
Root413D1	0.514020280916982	0.606983655274889	0.509669369931379	0.9279	0	0
Root418	0.535630743177756	0.62704309063893	0.463227222832053	0.9019	0	0
Root420	0.517107489811378	0.603268945022288	0.515228426395939	0.8346	0	0
Root423	0.538717952072152	0.63001485884101	0.475869809203143	0.9378	0	0
Root431	0.507845863128189	0.607726597325409	0.491586538461538	0.9026	0	0
Root434	0.534087138730558	0.62481426448737	0.47433728144388	0.8903	0	0
Root436	0.495497027550604	0.582466567607727	0.532970768184908	0.9244	0	0
Root444D2	0.537174347624954	0.62852897473997	0.544401544401544	0.9344	0	0
Root456	0.509389467575388	0.594353640416048	0.521172638436482	0.8898	0	0
Root472D3	0.49086621420901	0.578008915304606	0.531784005468216	0.8914	0	0
Root473	0.512476676469784	0.609955423476969	0.470487106017192	0.8903	0	0
Root480	0.49086621420901	0.589895988112927	0.491336633663366	0.9151	0	0
Root482	0.527912720941765	0.62109955423477	0.48073605520414	0.9396	0	0
Root483D1	0.54026155651935	0.62555720653789	0.499406880189798	0.93	0	0
Root483D2	0.534087138730558	0.62332838038633	0.479977116704805	0.9396	0	0
Root485	0.520194698705775	0.598811292719168	0.549420586230402	0.8814	0	0
Root487D2Y	0.459994125265047	0.557949479940565	0.489889106327462	0.9233	0	0
Root491	0.54026155651935	0.63075780089153	0.485697940503433	0.9396	0	0
Root494	0.472342960842632	0.563150074294205	0.518822724161533	0.9107	0	0
Root495	0.47388656528983	0.550520059435364	0.575757575757576	0.8914	0	0
Root50	0.506302258680991	0.604011887072808	0.488875526157547	0.8979	0	0
Root52	0.520194698705775	0.601783060921248	0.555936856554564	0.9464	0	0
Root53	0.509389467575388	0.601040118870728	0.537898936170213	0.89	0	0
Root55	0.524825512047369	0.61887072808321	0.483459082994777	0.8996	0	0
Root552	0.526369116494567	0.612184249628529	0.507389162561576	0.9318	0	0
Root553	0.495497027550604	0.575780089153046	0.562409288824383	0.89	0	0
Root554	0.493953423103406	0.583209509658247	0.50974025974026	0.9373	0	0
Root558	0.543348765413747	0.634472511144131	0.475501113585746	0.9378	0	0
Root559	0.478517378631425	0.575780089153046	0.492689129052765	0.9107	0	0
Root561	0.483148191973019	0.581723625557207	0.492143306096794	0.9151	0	0
Root562	0.512476676469784	0.589153046062407	0.491325898389095	0.9295	0	0
Root563	0.500127840892199	0.587667161961367	0.5678391959799	0.8945	0	0
Root564	0.51556388536418	0.591381872213967	0.506683640992998	0.9396	0	0
Root565	0.529456325388963	0.616641901931649	0.487089201877934	0.903	0	0
Root568	0.506302258680991	0.590638930163447	0.49718574108818	0.8903	0	0
Root569	0.529456325388963	0.617384843982169	0.484830805134189	0.9295	0	0
Root60	0.517107489811378	0.604011887072808	0.540918163672655	0.9018	0	0
Root604	0.47388656528983	0.564635958395245	0.508701472556894	0.9102	0	0
Root608	0.44918889413466	0.549777117384844	0.497311827956989	0.9314	0	0
Root61	0.520194698705775	0.605497771173848	0.519108280254777	0.89	0	0
Root614	0.495497027550604	0.584695393759287	0.541265474552957	0.8914	0	0
Root627	0.497040631997802	0.595839524517088	0.491120636864666	0.9151	0	0
Root63	0.530999929836162	0.617384843982169	0.524952621604548	0.8996	0	0
Root630	0.486235400867415	0.581723625557207	0.483930778739184	0.9147	0	0
Root635	0.480060983078623	0.569093610698366	0.530103806228374	0.9244	0	0
Root65	0.481604587525821	0.580237741456166	0.492744479495268	0.9147	0	0
Root651	0.53254353428336	0.613670133729569	0.494907130017975	0.9396	0	0
Root655	0.495497027550604	0.598811292719168	0.490864799025579	0.9233	0	0
Root656	0.47388656528983	0.569093610698366	0.489769820971867	0.9233	0	0
Root662	0.514020280916982	0.608469539375929	0.481764705882353	0.8889	0	0
Root667	0.478517378631425	0.575780089153046	0.484677923702314	0.9107	0	0
Root66D1	0.529456325388963	0.62035661218425	0.492916174734357	0.9026	0	0
Root670	0.507845863128189	0.601783060921248	0.49390243902439	0.93	0	0
Root672	0.463081334159443	0.549034175334324	0.52226148409894	0.9167	0	0
Root68	0.510933072022586	0.588410104011887	0.49009900990099	0.9295	0	0
Root682	0.497040631997802	0.586181277860327	0.541895604395604	0.8914	0	0
Root685	0.487779005314613	0.586181277860327	0.493125	0.9265	0	0
Root690	0.498584236445	0.591381872213967	0.482132041187159	0.9107	0	0
Root695	0.53254353428336	0.62481426448737	0.476217440543601	0.9318	0	0
Root70	0.507845863128189	0.595839524517088	0.500311915159077	0.8886	0	0
Root700	0.49086621420901	0.589895988112927	0.487116564417178	0.9302	0	0
Root708	0.530999929836162	0.62407132243685	0.487238979118329	0.9378	0	0
Root71	0.510933072022586	0.588410104011887	0.49009900990099	0.9295	0	0
Root710	0.501671445339397	0.600297176820208	0.483832335329341	0.8979	0	0
Root720	0.504758654233793	0.603268945022288	0.487394957983193	0.8979	0	0
Root73	0.546435974308143	0.632986627043091	0.477310924369748	0.9396	0	0
Root74	0.546435974308143	0.635958395245171	0.47266703478741	0.9378	0	0
Root76	0.481604587525821	0.578751857355126	0.493037974683544	0.9107	0	0
Root77	0.478517378631425	0.580980683506687	0.487227414330218	0.9302	0	0
Root79	0.481604587525821	0.566864784546805	0.538841807909605	0.8875	0	0
Root81	0.510933072022586	0.599554234769688	0.527795945062132	0.8937	0	0
Root83	0.523281907600171	0.61887072808321	0.474914481185861	0.903	0	0
Root85	0.509389467575388	0.604011887072808	0.501851851851852	0.8945	0	0
Root9	0.524825512047369	0.611441307578009	0.488137603795967	0.9295	0	0
Root901	0.507845863128189	0.593610698365527	0.509241555130656	0.8326	0	0
Root916	0.492409818656208	0.586924219910847	0.493441599000625	0.9102	0	0
Root918	0.493953423103406	0.584695393759287	0.51878707976269	0.8865	0	0
Root920	0.500127840892199	0.597325408618128	0.596439169139466	1	1	0
Root930	0.514020280916982	0.592124814264487	0.566856330014225	0.8814	0	0
Root935	0.517107489811378	0.602526002971768	0.501856435643564	0.8346	0	0
Root954	0.544892369860945	0.635215453194651	0.473421926910299	0.9378	0	0
Root96	0.483148191973019	0.579494799405646	0.49273531269741	0.9107	0	0
Root983	0.483148191973019	0.580980683506687	0.490282131661442	0.9102	0	0
Soil522	0.509389467575388	0.606983655274889	0.545030020013342	0.9505	0	0
Soil531	0.549523183202539	0.633729569093611	0.539873417721519	1	0	1
Soil535	0.506302258680991	0.588410104011887	0.562100780695529	0.8937	0	0
Soil538	0.538717952072152	0.616641901931649	0.502117362371446	0.8949	0	0
Soil724D2	0.538717952072152	0.632243684992571	0.517325227963526	0.9344	0	0
Soil728	0.469255751948236	0.554234769687964	0.542940320232897	0.8945	0	0
Soil729	0.510933072022586	0.601783060921248	0.516581632653061	0.8988	0	0
Soil736	0.538717952072152	0.61961367013373	0.501503307276007	0.885	0	0
Soil745	0.555697600991332	0.641158989598811	0.537694704049844	0.992	1	0
Soil748	0.497040631997802	0.589153046062407	0.522742254449572	0.8945	0	0
Soil750	0.526369116494567	0.613670133729569	0.534282018111255	0.9344	0	0
Soil756	0.49086621420901	0.576523031203566	0.550745209368346	0.903	0	0
Soil761	0.523281907600171	0.614413075780089	0.518820577164366	0.8889	0	0
Soil762	0.521738303152973	0.611441307578009	0.532341526520052	0.8889	0	0
Soil763	0.506302258680991	0.597325408618128	0.525146962769432	0.885	0	0
Soil764	0.517107489811378	0.609955423476969	0.516677155443675	0.8889	0	0
Soil766	0.520194698705775	0.608469539375929	0.546728971962617	0.9344	0	0
Soil768D1	0.547979578755341	0.636701337295691	0.517512077294686	0.9921	1	0
Soil772	0.484691796420217	0.575037147102526	0.490494296577947	0.9151	0	0
Soil773	0.480060983078623	0.567607726597325	0.505625413633355	0.9151	0	0
Soil774	0.500127840892199	0.578751857355126	0.579613095238095	0.8954	0	0
Soil777	0.487779005314613	0.581723625557207	0.531929347826087	0.8973	0	0
Soil782	0.504758654233793	0.591381872213967	0.525412541254125	0.885	0	0
Soil787	0.537174347624954	0.63001485884101	0.531994981179423	0.9344	0	0
Soil796	0.493953423103406	0.580980683506687	0.515831134564644	0.8942	0	0
Soil797	0.484691796420217	0.564635958395245	0.532959326788219	0.8942	0	0
Soil802	0.498584236445	0.584695393759287	0.555790960451977	0.8945	0	0
Soil803	0.498584236445	0.580980683506687	0.558172733761599	0.8945	0	0
Soil805	0.504758654233793	0.599554234769688	0.522330097087379	0.8973	0	0
Soil809	0.476973774184226	0.561664190193165	0.574904942965779	0.9067	0	0
Soil810	0.509389467575388	0.604011887072808	0.492130750605327	0.8945	0	0
Soil811	0.517107489811378	0.607726597325409	0.505250154416306	0.8945	0	0
