Row	p_EC	sensitivity	precision	relation	genus	species
Leaf1	1.10024408719805	0.563357546408394	0.446006389776358	0.8725	0	0
Leaf10	1.12557865499537	0.569814366424536	0.440699126092385	0.9331	0	0
Leaf100	1.13643632690851	0.569814366424536	0.481254260395365	0.9908	1	0
Leaf102	1.12557865499537	0.569007263922518	0.472837022132797	0.9908	1	0
Leaf104	1.18348623853211	0.590799031476998	0.435973793924955	0.9908	1	0
Leaf106	1.17624779059002	0.588377723970944	0.43995171997586	0.9921	1	0
Leaf108	1.15091322279269	0.584342211460856	0.453634085213033	0.9908	1	0
Leaf11	1.12919787896642	0.573042776432607	0.449082858950032	0.9298	0	0
Leaf111	1.17262856661897	0.589184826472962	0.446210268948655	0.9908	1	0
Leaf112	1.15815167073479	0.577885391444714	0.468586387434555	0.9908	0	0
Leaf113	1.12557865499537	0.571428571428571	0.471057884231537	0.9908	1	0
Leaf117	1.12919787896642	0.574656981436642	0.47561790247161	0.9908	1	0
Leaf119	1.17262856661897	0.585956416464891	0.477946017116524	1	0	1
Leaf121	1.19434391044525	0.594027441485069	0.44741641337386	1	0	1
Leaf122	1.20158235838734	0.595641646489104	0.445652173913043	1	0	1
Leaf123	1.15453244676374	0.578692493946731	0.474520185307743	1	1	0
Leaf125	1.16900934264793	0.586763518966909	0.435590173756741	0.9908	1	0
Leaf126	1.10386331116909	0.570621468926554	0.420833333333333	0.8855	0	0
Leaf127	1.10386331116909	0.564164648910412	0.429097605893186	0.9131	0	0
Leaf129	1.11110175911119	0.5682001614205	0.429530201342282	0.9131	0	0
Leaf13	1.10024408719805	0.572235673930589	0.434436274509804	0.9201	0	0
Leaf130	1.10386331116909	0.569007263922518	0.425981873111782	0.8995	0	0
Leaf131	1.09300563925595	0.569007263922518	0.418894830659537	0.8982	0	0
Leaf137	1.08576719131386	0.556900726392252	0.432330827067669	0.8724	0	0
Leaf139	1.11834020705328	0.578692493946731	0.420035149384886	0.8855	0	0
Leaf141	1.06043262351654	0.540758676351897	0.46079779917469	0.8724	0	0
Leaf145	1.096624863227	0.556900726392252	0.432330827067669	0.8724	0	0
Leaf148	1.08214796734282	0.565778853914447	0.418757467144564	0.8982	0	0
Leaf15	1.15815167073479	0.586763518966909	0.416618911174785	0.9131	0	0
Leaf151	1.06767107145863	0.54317998385795	0.471288515406162	0.8736	0	0
Leaf154	1.03871727969026	0.541565778853914	0.446440452428476	0.8735	0	0
Leaf155	1.13643632690851	0.57546408393866	0.416228838295388	0.97	0	0
Leaf159	1.05681339954549	0.536723163841808	0.473309608540925	0.8736	0	0
Leaf16	1.08214796734282	0.546408393866021	0.45466756212223	0.9331	0	0
Leaf160	1.12195943102432	0.578692493946731	0.424763033175355	0.8722	0	0
Leaf161	1.09300563925595	0.560129136400323	0.45359477124183	0.8736	0	0
Leaf164	1.00614426395085	0.514124293785311	0.480754716981132	0.8821	0	0
Leaf168	1.04595572763235	0.544794188861985	0.446724023825281	0.9553	0	0
Leaf17	1.11472098308223	0.564164648910412	0.445222929936306	0.9213	0	0
Leaf171	1.07129029542968	0.539144471347861	0.463888888888889	0.8725	0	0
Leaf172	0.988048144095615	0.511702986279257	0.474550898203593	0.8781	0	0
Leaf176	1.07129029542968	0.548022598870056	0.459404600811908	0.8415	0	0
Leaf177	1.21244003030048	0.608555286521388	0.413377192982456	0.8869	0	0
Leaf179	1.02424038380608	0.527037933817595	0.466095645967166	0.8736	0	0
Leaf180	0.966332800269337	0.514124293785311	0.430696416497634	0.813	0	0
Leaf182	1.09300563925595	0.562550443906376	0.432382133995037	0.9234	0	0
Leaf183	1.03147883174817	0.531880548829701	0.438456420492349	0.8735	0	0
Leaf185	1.11472098308223	0.5682001614205	0.449840255591054	0.8781	0	0
Leaf186	1.06043262351654	0.543987086359968	0.459128065395095	0.8781	0	0
Leaf187	0.937379008500968	0.506053268765133	0.438768369489153	0.9135	0	0
Leaf189	1.08938641528491	0.560129136400323	0.428130783466996	0.8207	0	0
Leaf191	1.10386331116909	0.570621468926554	0.440224159402242	0.8722	0	0
Leaf194	1.07129029542968	0.55044390637611	0.459259259259259	0.8415	0	0
Leaf196	0.948236680414106	0.507667473769169	0.445467422096317	0.9135	0	0
Leaf198	1.16177089470583	0.581920903954802	0.448662103298071	0.9246	0	0
Leaf2	1.11110175911119	0.567393058918483	0.434487021013597	0.9391	0	0
Leaf20	1.15453244676374	0.58272800645682	0.433633633633634	0.9246	0	0
Leaf201	0.962713576298291	0.509281678773204	0.433081674673988	0.8111	0	0
Leaf202	1.08938641528491	0.559322033898305	0.449125081011018	0.97	0	0
Leaf203	1.096624863227	0.560936238902341	0.451591942820013	0.8736	0	0
Leaf208	1.14729399882165	0.576271186440678	0.435897435897436	0.9246	0	0
Leaf210	1.05319417557445	0.540758676351897	0.448760884125921	0.8781	0	0
Leaf216	1.06767107145863	0.552865213882163	0.46472184531886	0.8398	0	0
Leaf22	1.13643632690851	0.57546408393866	0.44786432160804	0.9262	0	0
Leaf220	1.08214796734282	0.562550443906376	0.443666454487588	0.8739	0	0
Leaf222	1.09300563925595	0.560936238902341	0.443805874840358	0.8733	0	0
Leaf225	1.14005555087956	0.576271186440678	0.436964504283966	0.8832	0	0
Leaf226	1.13643632690851	0.572235673930589	0.445911949685535	0.9252	0	0
Leaf23	1.07129029542968	0.54317998385795	0.465421853388658	0.9298	0	0
Leaf230	1.14005555087956	0.571428571428571	0.443331246086412	0.9246	0	0
Leaf231	1.10748253514014	0.562550443906376	0.437539234149404	0.9255	0	0
Leaf233	1.13281710293746	0.565778853914447	0.457273320287019	0.8809	0	0
Leaf234	1.06043262351654	0.547215496368039	0.441119063109954	0.8685	0	0
Leaf24	1.10024408719805	0.556900726392252	0.440051020408163	0.9298	0	0
Leaf242	1.15453244676374	0.580306698950767	0.438949938949939	0.9246	0	0
Leaf244	1.07129029542968	0.554479418886199	0.443225806451613	0.8781	0	0
Leaf245	1.00976348792189	0.520581113801453	0.501555209953344	0.8764	0	0
Leaf247	1.12919787896642	0.569814366424536	0.447685478757134	0.8832	0	0
Leaf25	1.12919787896642	0.573849878934625	0.43700061462815	0.9298	0	0
Leaf254	1.05319417557445	0.543987086359968	0.454177897574124	0.8781	0	0
Leaf257	1.05319417557445	0.537530266343826	0.468684025334272	0.9255	0	0
Leaf258	1.1436747748506	0.578692493946731	0.423008849557522	0.8832	0	0
Leaf26	1.08938641528491	0.552865213882163	0.44250645994832	0.9373	0	0
Leaf261	1.0025250399798	0.519774011299435	0.464311463590483	0.8735	0	0
Leaf262	1.1436747748506	0.585149313962873	0.408911449520587	0.97	0	0
Leaf263	0.984428920124569	0.510088781275222	0.468842729970326	0.8781	0	0
Leaf264	1.05319417557445	0.545601291364003	0.438107582631238	0.8855	0	0
Leaf265	1.16177089470583	0.589184826472962	0.398907103825137	0.8722	0	0
Leaf267	1.1436747748506	0.584342211460856	0.403567447045708	0.8739	0	0
Leaf272	1.03147883174817	0.533494753833737	0.474515434314429	0.8764	0	0
Leaf274	1.14005555087956	0.585149313962873	0.403001667593107	0.8722	0	0
Leaf278	1.15453244676374	0.58272800645682	0.43546441495778	0.8809	0	0
Leaf28	1.1436747748506	0.579499596448749	0.438339438339438	0.9246	0	0
Leaf280	1.04595572763235	0.546408393866021	0.448641484426773	0.9553	0	0
Leaf283	1.05319417557445	0.539144471347861	0.46680642907058	0.8781	0	0
Leaf285	1.06767107145863	0.555286521388216	0.430807764558547	0.8809	0	0
Leaf288	1.08214796734282	0.555286521388216	0.435718809373021	0.8736	0	0
Leaf289	1.04233650366131	0.539144471347861	0.461007591442374	0.8764	0	0
Leaf29	1.12195943102432	0.569814366424536	0.438781852082039	0.9331	0	0
Leaf291	1.02785960777712	0.532687651331719	0.475504322766571	0.8764	0	0
Leaf294	1.11472098308223	0.5682001614205	0.449840255591054	0.8781	0	0
Leaf296	1.10386331116909	0.559322033898305	0.438330170777989	0.8823	0	0
Leaf299	1.03509805571922	0.527037933817595	0.461810466760962	0.8824	0	0
Leaf3	1.02424038380608	0.530266343825666	0.457839721254355	0.8775	0	0
Leaf30	1.13643632690851	0.573849878934625	0.443820224719101	0.9252	0	0
Leaf304	1.00976348792189	0.515738498789346	0.470198675496689	0.8781	0	0
Leaf306	1.14729399882165	0.577885391444714	0.41652123327516	0.9682	0	0
Leaf307	1.00976348792189	0.525423728813559	0.468345323741007	0.8809	0	0
Leaf311	1.07490951940072	0.559322033898305	0.444515715202053	0.97	0	0
Leaf314	1.08576719131386	0.556900726392252	0.441741357234315	0.8725	0	0
Leaf32	1.12195943102432	0.569814366424536	0.438781852082039	0.9331	0	0
Leaf320	1.06405184748759	0.545601291364003	0.453995970449966	0.8736	0	0
Leaf321	1.16177089470583	0.583535108958838	0.419130434782609	0.9682	0	0
Leaf324	1.12919787896642	0.57546408393866	0.448992443324937	0.9535	0	0
Leaf325	1.05319417557445	0.547215496368039	0.445173998686802	0.8855	0	0
Leaf326	0.998905816008753	0.526230831315577	0.447802197802198	0.8938	0	0
Leaf33	1.06405184748759	0.544794188861985	0.479744136460554	0.9331	0	0
Leaf334	1.05319417557445	0.531880548829701	0.453544390915348	0.865	0	0
Leaf335	1.02424038380608	0.527845036319613	0.465149359886202	0.8781	0	0
Leaf336	1.07852874337177	0.539144471347861	0.466154919748779	0.8819	0	0
Leaf337	1.08576719131386	0.556093623890234	0.433333333333333	0.8685	0	0
Leaf339	1.10748253514014	0.567393058918483	0.432881773399015	0.9213	0	0
Leaf34	1.14005555087956	0.572235673930589	0.445072190834903	0.9252	0	0
Leaf341	1.14729399882165	0.58272800645682	0.423212192262603	0.9682	0	0
Leaf343	1.12919787896642	0.573042776432607	0.449651678277391	0.9252	0	0
Leaf344	1.15815167073479	0.581113801452784	0.467229072031149	0.9722	1	0
Leaf347	1.06043262351654	0.552058111380145	0.451783355350066	0.8736	0	0
Leaf351	1.02062115983503	0.523002421307506	0.478581979320532	0.8736	0	0
Leaf354	1.10386331116909	0.560129136400323	0.452707110241357	0.8809	0	0
Leaf357	1.10748253514014	0.563357546408394	0.44205193160228	0.9233	0	0
Leaf359	0.926521336587829	0.493139628732849	0.468558282208589	0.8144	0	0
Leaf361	1.1907246864742	0.58999192897498	0.428236672524897	0.9842	1	0
Leaf363	1.07852874337177	0.554479418886199	0.467665078284547	0.9553	0	0
Leaf369	1.14005555087956	0.57546408393866	0.452124286620165	0.8741	0	0
Leaf371	1.11834020705328	0.573042776432607	0.438542310067943	0.9682	0	0
Leaf38	1.15815167073479	0.583535108958838	0.452723857232311	0.9252	0	0
Leaf380	1.14005555087956	0.57546408393866	0.452124286620165	0.877	0	0
Leaf383	1.14729399882165	0.58272800645682	0.427978660343806	0.9682	0	0
Leaf384	1.11110175911119	0.5682001614205	0.446984126984127	0.9682	0	0
Leaf386	1.17986701456106	0.593220338983051	0.409698996655518	0.97	0	0
Leaf391	1.16900934264793	0.58999192897498	0.410905002810568	0.97	0	0
Leaf394	0.969952024240384	0.509281678773204	0.43487250172295	0.8168	0	0
Leaf395	1.07490951940072	0.546408393866021	0.430114358322745	0.865	0	0
Leaf396	1.20158235838734	0.600484261501211	0.416340235030778	0.9768	0	0
Leaf399	1.12919787896642	0.572235673930589	0.482312925170068	0.9908	1	0
Leaf400	1.10386331116909	0.569814366424536	0.407621247113164	0.8739	0	0
Leaf404	0.94461745644306	0.499596448748991	0.436838390966831	0.8168	0	0
Leaf405	0.991667368066661	0.523002421307506	0.43489932885906	0.8168	0	0
Leaf406	1.03147883174817	0.54317998385795	0.434754521963824	0.9252	0	0
Leaf407	1.07852874337177	0.546408393866021	0.45991847826087	0.9298	0	0
Leaf41	1.08576719131386	0.55044390637611	0.4716459197787	0.8398	0	0
Leaf412	1.0495749516034	0.540758676351897	0.465924895688456	0.9213	0	0
Leaf414	1.0025250399798	0.520581113801453	0.493119266055046	0.8899	0	0
Leaf415	1.05319417557445	0.543987086359968	0.454177897574124	0.8781	0	0
Leaf416	1.03871727969026	0.537530266343826	0.459944751381215	0.8899	0	0
Leaf42	1.06043262351654	0.542372881355932	0.459016393442623	0.9298	0	0
Leaf420	1.07852874337177	0.554479418886199	0.434260429835651	0.9426	0	0
Leaf427	1.16177089470583	0.587570621468927	0.433333333333333	0.9518	0	0
Leaf434	1.13643632690851	0.578692493946731	0.424009461856889	0.9131	0	0
Leaf436	1.02785960777712	0.530266343825666	0.468616262482168	0.8736	0	0
Leaf44	1.0025250399798	0.513317191283293	0.484018264840183	0.8781	0	0
Leaf443	1.12195943102432	0.572235673930589	0.455362877328195	0.9597	0	0
Leaf446	1.07490951940072	0.547215496368039	0.48567335243553	0.8766	0	0
Leaf453	1.14729399882165	0.580306698950767	0.430538922155689	0.97	0	0
Leaf454	1.18348623853211	0.594027441485069	0.431671554252199	0.9554	0	0
Leaf456	1.18710546250316	0.589184826472962	0.448954489544895	1	1	0
Leaf459	1.00614426395085	0.519774011299435	0.491228070175439	0.8899	0	0
Leaf460	1.16539011867688	0.588377723970944	0.427315357561547	0.9518	0	0
Leaf465	1.16539011867688	0.585149313962873	0.43859649122807	0.9908	1	0
Leaf466	1.13281710293746	0.574656981436642	0.480107889413351	0.9908	1	0
Leaf469	1.16900934264793	0.587570621468927	0.453300124533001	0.9908	1	0
Leaf48	1.13643632690851	0.57546408393866	0.417203042715038	0.9131	0	0
Leaf49	1.00976348792189	0.539144471347861	0.44474034620506	0.9252	0	0
Leaf5	1.10024408719805	0.556900726392252	0.439490445859873	0.9298	0	0
Leaf50	1.16177089470583	0.590799031476998	0.405091311566132	0.8784	0	0
Leaf51	1.15815167073479	0.589184826472962	0.425160163075131	0.8784	0	0
Leaf53	1.13281710293746	0.579499596448749	0.422104644326867	0.8803	0	0
Leaf58	1.12195943102432	0.571428571428571	0.430656934306569	0.9131	0	0
Leaf61	1.12919787896642	0.578692493946731	0.419053185271771	0.8855	0	0
Leaf62	1.07129029542968	0.546408393866021	0.460544217687075	0.9262	0	0
Leaf64	1.02424038380608	0.527845036319613	0.449793672627235	0.9385	0	0
Leaf67	1.1436747748506	0.578692493946731	0.442319555829735	0.9262	0	0
Leaf68	1.08938641528491	0.559322033898305	0.449125081011018	0.97	0	0
Leaf69	1.10024408719805	0.561743341404358	0.447588424437299	0.8724	0	0
Leaf7	1.12919787896642	0.569814366424536	0.447685478757134	0.8832	0	0
Leaf70	1.05319417557445	0.552058111380145	0.472375690607735	0.8986	0	0
Leaf72	1.06767107145863	0.548022598870056	0.45056403450564	0.9078	0	0
Leaf75	1.10024408719805	0.567393058918483	0.435294117647059	0.9252	0	0
Leaf76	1.10386331116909	0.570621468926554	0.440224159402242	0.8722	0	0
Leaf78	1.11834020705328	0.574656981436642	0.436274509803922	0.8739	0	0
Leaf8	0.995286592037707	0.514124293785311	0.483675018982536	0.8781	0	0
Leaf82	1.07852874337177	0.556093623890234	0.456896551724138	0.8183	0	0
Leaf83	1.11834020705328	0.569814366424536	0.42326139088729	0.9091	0	0
Leaf84	1.12557865499537	0.57546408393866	0.441759603469641	0.8722	0	0
Leaf85	1.15815167073479	0.581920903954802	0.440439828955406	0.9921	1	0
Leaf86	1.15091322279269	0.57546408393866	0.475650433622415	0.9921	1	0
Leaf87	1.14729399882165	0.57546408393866	0.479488903833221	0.9908	1	0
Leaf88	1.15091322279269	0.579499596448749	0.474553866490416	0.9908	1	0
Leaf89	1.1436747748506	0.576271186440678	0.473474801061008	0.9908	1	0
Leaf9	1.12919787896642	0.573042776432607	0.449082858950032	0.9298	0	0
Leaf90	1.16177089470583	0.581113801452784	0.484196368527236	1	0	1
Leaf91	1.17262856661897	0.586763518966909	0.442483262325015	0.9921	1	0
Leaf92	1.19796313441629	0.594027441485069	0.443373493975904	1	0	1
Leaf93	1.15815167073479	0.58272800645682	0.444855206407887	0.9921	1	0
Leaf94	1.17262856661897	0.589184826472962	0.441354292623942	0.9908	1	0
Leaf99	1.16539011867688	0.585956416464891	0.446769230769231	0.9908	1	0
Root100	1.16177089470583	0.588377723970944	0.422119281991893	0.9518	0	0
Root101	1.10748253514014	0.558514931396287	0.444730077120823	0.8781	0	0
Root102	1.19434391044525	0.598870056497175	0.421590909090909	0.9558	0	0
Root105	1.08938641528491	0.556900726392252	0.440331844288449	0.9519	0	0
Root107	1.12919787896642	0.571428571428571	0.425736620565244	0.8795	0	0
Root11	0.991667368066661	0.519774011299435	0.46264367816092	0.9119	0	0
Root112D2	1.03147883174817	0.52865213882163	0.466192170818505	0.8781	0	0
Root1203	1.18710546250316	0.59725585149314	0.418552036199095	0.9682	0	0
Root1204	1.16539011867688	0.587570621468927	0.431535269709544	0.97	0	0
Root1212	1.16900934264793	0.588377723970944	0.423099245502031	0.9682	0	0
Root1217	1.16177089470583	0.587570621468927	0.448275862068966	0.8722	0	0
Root122	1.12919787896642	0.572235673930589	0.443125	0.879	0	0
Root1220	1.16900934264793	0.590799031476998	0.416856492027335	0.9682	0	0
Root1221	1.13281710293746	0.581113801452784	0.421792618629174	0.8681	0	0
Root1237	1.16177089470583	0.589184826472962	0.425160163075131	0.8723	0	0
Root1238	1.12919787896642	0.577078288942696	0.433596118859915	0.8681	0	0
Root123D2	1.16177089470583	0.585149313962873	0.432835820895522	0.9768	0	0
Root1240	1.1436747748506	0.581113801452784	0.42603550295858	0.97	0	0
Root1252	1.17986701456106	0.592413236481033	0.4026330224904	0.9682	0	0
Root1257	1.05319417557445	0.544794188861985	0.439167208848406	0.8809	0	0
Root127	1.15815167073479	0.585149313962873	0.422987164527421	0.9682	0	0
Root1272	1.11110175911119	0.570621468926554	0.427707199032063	0.8723	0	0
Root1277	1.11472098308223	0.571428571428571	0.437577255871446	0.9542	0	0
Root1279	1.06405184748759	0.548829701372074	0.479210711768851	0.9553	0	0
Root1280	1.08214796734282	0.560129136400323	0.446589446589447	0.899	0	0
Root1290	1.11472098308223	0.571428571428571	0.437577255871446	0.9542	0	0
Root1293	1.02785960777712	0.525423728813559	0.468682505399568	0.8855	0	0
Root1294	1.12557865499537	0.570621468926554	0.426160337552743	0.922	0	0
Root1295	1.14729399882165	0.574656981436642	0.42080378250591	0.8832	0	0
Root1298	1.17624779059002	0.590799031476998	0.404867256637168	0.9682	0	0
Root1304	1.11834020705328	0.562550443906376	0.44909793814433	0.8862	0	0
Root131	0.991667368066661	0.519774011299435	0.46264367816092	0.9119	0	0
Root1310	1.15091322279269	0.57546408393866	0.407661520869068	0.8829	0	0
Root1312	1.17986701456106	0.592413236481033	0.405973451327434	0.9682	0	0
Root1319	1.10386331116909	0.55770782889427	0.460973982655103	0.8832	0	0
Root133	1.1436747748506	0.583535108958838	0.414802065404475	0.8855	0	0
Root1334	1.1907246864742	0.596448748991122	0.414005602240896	0.97	0	0
Root135	1.16177089470583	0.581113801452784	0.418848167539267	0.8699	0	0
Root136	1.14729399882165	0.571428571428571	0.439478584729981	0.8708	0	0
Root137	1.05319417557445	0.532687651331719	0.456747404844291	0.865	0	0
Root140	1.07129029542968	0.548829701372074	0.46070460704607	0.8778	0	0
Root142	1.1907246864742	0.594834543987086	0.40295243302351	0.9682	0	0
Root1423	1.07852874337177	0.559322033898305	0.446520618556701	0.9553	0	0
Root1433D1	1.05681339954549	0.532687651331719	0.473457675753228	0.8736	0	0
Root1444	1.14729399882165	0.583535108958838	0.420104590354445	0.8725	0	0
Root1455	1.10386331116909	0.564971751412429	0.432900432900433	0.9473	0	0
Root1462	1.09300563925595	0.564971751412429	0.419412822049131	0.9786	0	0
Root1464	1.0495749516034	0.53591606133979	0.472934472934473	0.8772	0	0
Root147	1.07129029542968	0.558514931396287	0.440203562340967	0.9252	0	0
Root1471	1.10748253514014	0.564164648910412	0.453896103896104	0.9613	0	0
Root1472	1.12195943102432	0.571428571428571	0.425225225225225	0.9473	0	0
Root1480D1	1.13281710293746	0.579499596448749	0.439681567666871	0.8855	0	0
Root1485	1.15091322279269	0.585149313962873	0.42747641509434	0.8855	0	0
Root149	1.16177089470583	0.587570621468927	0.406931246506428	0.9682	0	0
Root1497	1.12557865499537	0.569814366424536	0.424789410348977	0.9313	0	0
Root151	1.06767107145863	0.546408393866021	0.464653397391901	0.8778	0	0
Root154	1.13643632690851	0.578692493946731	0.440688383527966	0.9313	0	0
Root157	1.14005555087956	0.579499596448749	0.449874686716792	0.9558	0	0
Root166	1.06043262351654	0.537530266343826	0.481910274963821	0.8736	0	0
Root16D2	1.12195943102432	0.573849878934625	0.433008526187576	0.8681	0	0
Root170	1.10386331116909	0.567393058918483	0.439924906132666	0.8866	0	0
Root172	1.18710546250316	0.596448748991122	0.438836104513064	0.9613	0	0
Root179	1.07852874337177	0.559322033898305	0.435301507537688	0.8986	0	0
Root180	1.08214796734282	0.555286521388216	0.441025641025641	0.8736	0	0
Root181	1.10748253514014	0.567393058918483	0.427615571776156	0.8781	0	0
Root186	1.07490951940072	0.553672316384181	0.448073154800784	0.8183	0	0
Root187	1.10024408719805	0.55770782889427	0.46128170894526	0.8795	0	0
Root189	1.15091322279269	0.585956416464891	0.412265758091993	0.8866	0	0
Root190	1.03509805571922	0.535108958837772	0.476978417266187	0.875	0	0
Root198D2	1.13281710293746	0.581113801452784	0.442260442260442	0.8855	0	0
Root209	1.14729399882165	0.585149313962873	0.417146144994246	0.8739	0	0
Root214	1.09300563925595	0.556093623890234	0.448275862068966	0.9313	0	0
Root217	1.15815167073479	0.587570621468927	0.411531938948558	0.8739	0	0
Root219	1.15815167073479	0.587570621468927	0.40990990990991	0.8739	0	0
Root22	1.06767107145863	0.552058111380145	0.450296247531271	0.8701	0	0
Root224	1.05319417557445	0.544794188861985	0.438027255029202	0.8809	0	0
Root227	1.01338271189294	0.519774011299435	0.483483483483483	0.8819	0	0
Root231	1.17986701456106	0.592413236481033	0.4026330224904	0.9682	0	0
Root236	1.07852874337177	0.558514931396287	0.450814332247557	0.8764	0	0
Root239	1.07490951940072	0.560936238902341	0.436557788944724	0.9252	0	0
Root240	1.07129029542968	0.548022598870056	0.479519774011299	0.8711	0	0
Root241	1.12195943102432	0.571428571428571	0.439751552795031	0.9213	0	0
Root258	1.17986701456106	0.592413236481033	0.4026330224904	0.9682	0	0
Root264	1.12919787896642	0.569007263922518	0.432515337423313	0.8829	0	0
Root265	1.18348623853211	0.588377723970944	0.426315789473684	0.8811	0	0
Root267	1.12919787896642	0.581920903954802	0.430704898446834	0.8739	0	0
Root268	1.16177089470583	0.585956416464891	0.421358096343587	0.9682	0	0
Root274	1.1436747748506	0.581113801452784	0.42603550295858	0.97	0	0
Root275	1.15453244676374	0.588377723970944	0.405	0.8739	0	0
Root278	1.1907246864742	0.595641646489104	0.409772348695169	0.9682	0	0
Root280D1	1.06767107145863	0.548022598870056	0.445245901639344	0.8736	0	0
Root29	1.13643632690851	0.578692493946731	0.434282253179891	0.8681	0	0
Root31	1.18710546250316	0.592413236481033	0.405077262693157	0.9682	0	0
Root318D1	1.15815167073479	0.58999192897498	0.412994350282486	0.8739	0	0
Root322	1.06043262351654	0.534301856335755	0.480406386066763	0.8736	0	0
Root329	1.16177089470583	0.583535108958838	0.430357142857143	0.9131	0	0
Root332	1.03147883174817	0.530266343825666	0.451236263736264	0.8903	0	0
Root335	1.12919787896642	0.581113801452784	0.418604651162791	0.8855	0	0
Root336D2	1.12195943102432	0.57546408393866	0.438229870928089	0.8855	0	0
Root342	1.10386331116909	0.565778853914447	0.420768307322929	0.9514	0	0
Root343	1.06767107145863	0.554479418886199	0.435637285986049	0.9514	0	0
Root344	1.08214796734282	0.560936238902341	0.453359425962166	0.8764	0	0
Root351	1.15453244676374	0.590799031476998	0.406666666666667	0.8855	0	0
Root369	1.13281710293746	0.569814366424536	0.418494368701838	0.8861	0	0
Root381	1.18348623853211	0.591606133979015	0.421506612995975	0.9722	0	0
Root4	1.07490951940072	0.541565778853914	0.471539002108222	0.8799	0	0
Root401	1.15091322279269	0.584342211460856	0.418739155581261	0.9131	0	0
Root402	1.10024408719805	0.566585956416465	0.445997458703939	0.8739	0	0
Root404	1.1436747748506	0.581920903954802	0.415561959654179	0.8681	0	0
Root405	1.13643632690851	0.584342211460856	0.425132119788608	0.8725	0	0
Root411	1.14005555087956	0.578692493946731	0.437461866992068	0.8739	0	0
Root413D1	1.10024408719805	0.560129136400323	0.432938240798503	0.9519	0	0
Root418	1.15453244676374	0.591606133979015	0.402305159165752	0.8855	0	0
Root420	1.07129029542968	0.559322033898305	0.439720812182741	0.8183	0	0
Root423	1.17986701456106	0.590799031476998	0.410774410774411	0.9682	0	0
Root431	1.12195943102432	0.569814366424536	0.424278846153846	0.8862	0	0
Root434	1.16177089470583	0.58999192897498	0.41229554427524	0.8739	0	0
Root436	1.06767107145863	0.546408393866021	0.460231135282121	0.9484	0	0
Root444D2	1.08214796734282	0.552865213882163	0.440797940797941	0.8917	0	0
Root456	1.11834020705328	0.564164648910412	0.455374592833876	0.8733	0	0
Root472D3	1.10386331116909	0.562550443906376	0.476418318523582	0.875	0	0
Root473	1.12919787896642	0.581113801452784	0.412607449856734	0.8739	0	0
Root480	1.07129029542968	0.561743341404358	0.430693069306931	0.8986	0	0
Root482	1.15453244676374	0.586763518966909	0.418056354226567	0.97	0	0
Root483D1	1.1907246864742	0.596448748991122	0.438315539739027	0.9722	1	0
Root483D2	1.16900934264793	0.591606133979015	0.419336384439359	0.97	0	0
Root485	1.08576719131386	0.544794188861985	0.460122699386503	0.865	0	0
Root487D2Y	1.07852874337177	0.556900726392252	0.450097847358121	0.9473	0	0
Root491	1.15453244676374	0.587570621468927	0.416475972540046	0.97	0	0
Root494	1.04233650366131	0.545601291364003	0.462696783025325	0.8942	0	0
Root495	1.04595572763235	0.52865213882163	0.508935508935509	0.875	0	0
Root50	1.13643632690851	0.572235673930589	0.426337943475646	0.922	0	0
Root52	1.01700193586398	0.523809523809524	0.445435827041867	0.9036	0	0
Root53	1.06767107145863	0.546408393866021	0.450132978723404	0.8736	0	0
Root55	1.16177089470583	0.585956416464891	0.421358096343587	0.8832	0	0
Root552	1.16177089470583	0.587570621468927	0.448275862068966	0.9558	0	0
Root553	1.03509805571922	0.526230831315577	0.473149492017417	0.8736	0	0
Root554	1.10748253514014	0.564164648910412	0.453896103896104	0.9613	0	0
Root558	1.17624779059002	0.590799031476998	0.407572383073497	0.9682	0	0
Root559	1.06405184748759	0.561743341404358	0.442466624284806	0.8942	0	0
Root561	1.08214796734282	0.562550443906376	0.43808925204274	0.8986	0	0
Root562	1.14005555087956	0.576271186440678	0.442379182156134	0.9131	0	0
Root563	1.05681339954549	0.536723163841808	0.477386934673367	0.8781	0	0
Root564	1.08938641528491	0.560936238902341	0.442393380012731	0.97	0	0
Root565	1.11472098308223	0.577885391444714	0.42018779342723	0.8866	0	0
Root568	1.11110175911119	0.5682001614205	0.440275171982489	0.8739	0	0
Root569	1.15091322279269	0.584342211460856	0.422403733955659	0.9131	0	0
Root60	1.06405184748759	0.545601291364003	0.449767132401863	0.8855	0	0
Root604	1.06405184748759	0.559322033898305	0.463855421686747	0.8937	0	0
Root608	1.02785960777712	0.543987086359968	0.452956989247312	0.9553	0	0
Root61	1.11472098308223	0.569814366424536	0.44968152866242	0.8736	0	0
Root614	1.07852874337177	0.548022598870056	0.466987620357634	0.875	0	0
Root627	1.07852874337177	0.563357546408394	0.427434170238824	0.8986	0	0
Root63	1.13643632690851	0.5682001614205	0.44472520530638	0.8832	0	0
Root630	1.08576719131386	0.565778853914447	0.433250927070457	0.8982	0	0
Root635	1.04233650366131	0.537530266343826	0.460899653979239	0.9484	0	0
Root65	1.06767107145863	0.561743341404358	0.439116719242902	0.8982	0	0
Root651	1.13643632690851	0.581113801452784	0.431396045536249	0.97	0	0
Root655	1.10386331116909	0.569814366424536	0.429963459196102	0.9473	0	0
Root656	1.096624863227	0.563357546408394	0.446291560102302	0.9473	0	0
Root662	1.13281710293746	0.583535108958838	0.425294117647059	0.8725	0	0
Root667	1.06767107145863	0.562550443906376	0.435897435897436	0.8942	0	0
Root66D1	1.15815167073479	0.585149313962873	0.427981109799292	0.8862	0	0
Root670	1.17624779059002	0.58999192897498	0.445731707317073	0.9722	0	0
Root672	1.00614426395085	0.524616626311542	0.459363957597173	0.9407	0	0
Root68	1.12919787896642	0.572235673930589	0.438737623762376	0.9131	0	0
Root682	1.06767107145863	0.545601291364003	0.464285714285714	0.875	0	0
Root685	1.06767107145863	0.549636803874092	0.425625	0.9505	0	0
Root690	1.09300563925595	0.569007263922518	0.427013930950939	0.8942	0	0
Root695	1.20158235838734	0.602098466505246	0.42242355605889	0.9558	0	0
Root70	1.11472098308223	0.574656981436642	0.444167186525265	0.8722	0	0
Root700	1.11834020705328	0.573042776432607	0.43558282208589	0.9542	0	0
Root708	1.15815167073479	0.587570621468927	0.422273781902552	0.9682	0	0
Root71	1.12919787896642	0.572235673930589	0.438737623762376	0.9131	0	0
Root710	1.13281710293746	0.577078288942696	0.42814371257485	0.922	0	0
Root720	1.12557865499537	0.570621468926554	0.42436974789916	0.922	0	0
Root73	1.1907246864742	0.596448748991122	0.414005602240896	0.97	0	0
Root74	1.17986701456106	0.591606133979015	0.40474875759249	0.9682	0	0
Root76	1.07129029542968	0.564971751412429	0.443037974683544	0.8942	0	0
Root77	1.11110175911119	0.570621468926554	0.440498442367601	0.9542	0	0
Root79	1.07490951940072	0.548829701372074	0.480225988700565	0.8711	0	0
Root81	1.07490951940072	0.547215496368039	0.443427076520602	0.8772	0	0
Root83	1.08576719131386	0.566585956416465	0.400228050171038	0.8866	0	0
Root85	1.11834020705328	0.569814366424536	0.435802469135802	0.8781	0	0
Root9	1.12557865499537	0.57546408393866	0.422894424673784	0.9131	0	0
Root901	1.05319417557445	0.555286521388216	0.438495857233907	0.8162	0	0
Root916	1.07852874337177	0.566585956416465	0.438475952529669	0.8937	0	0
Root918	1.05319417557445	0.541565778853914	0.442320369149637	0.8701	0	0
Root920	0.984428920124569	0.518966908797417	0.47700296735905	0.9252	0	0
Root930	1.04595572763235	0.530266343825666	0.46728307254623	0.865	0	0
Root935	1.06405184748759	0.55770782889427	0.42759900990099	0.8183	0	0
Root954	1.18348623853211	0.593220338983051	0.406976744186047	0.9682	0	0
Root96	1.07129029542968	0.564971751412429	0.442198357548958	0.8942	0	0
Root983	1.07490951940072	0.565778853914447	0.439498432601881	0.8937	0	0
Soil522	1.07490951940072	0.556900726392252	0.460306871247498	0.9078	0	0
Soil531	1.06043262351654	0.554479418886199	0.434810126582278	0.9252	0	0
Soil535	1.06405184748759	0.537530266343826	0.472675656493967	0.8772	0	0
Soil538	1.15091322279269	0.570621468926554	0.427707199032063	0.8785	0	0
Soil724D2	1.096624863227	0.560936238902341	0.422492401215805	0.8917	0	0
Soil728	1.04595572763235	0.534301856335755	0.481804949053857	0.8781	0	0
Soil729	1.10024408719805	0.558514931396287	0.441326530612245	0.8824	0	0
Soil736	1.13643632690851	0.576271186440678	0.429344558027661	0.8685	0	0
Soil745	1.05319417557445	0.55770782889427	0.430529595015576	0.9202	0	0
Soil748	1.10386331116909	0.558514931396287	0.456163480553724	0.8781	0	0
Soil750	1.08214796734282	0.549636803874092	0.440491591203105	0.8917	0	0
Soil756	1.04595572763235	0.538337368845843	0.473385379701916	0.8866	0	0
Soil761	1.11472098308223	0.564164648910412	0.438519447929737	0.8724	0	0
Soil762	1.08938641528491	0.554479418886199	0.444372574385511	0.8724	0	0
Soil763	1.08214796734282	0.556900726392252	0.450685826257348	0.8685	0	0
Soil764	1.10024408719805	0.558514931396287	0.435494021397105	0.8724	0	0
Soil766	1.07129029542968	0.547215496368039	0.45260347129506	0.8917	0	0
Soil768D1	1.08214796734282	0.566585956416465	0.423913043478261	0.9203	0	0
Soil772	1.07852874337177	0.560129136400323	0.43979721166033	0.8986	0	0
Soil773	1.08938641528491	0.566585956416465	0.464592984778293	0.8986	0	0
Soil774	1.06767107145863	0.540758676351897	0.498511904761905	0.879	0	0
Soil777	1.0495749516034	0.542372881355932	0.456521739130435	0.8809	0	0
Soil782	1.05681339954549	0.540758676351897	0.442244224422442	0.8685	0	0
Soil787	1.09300563925595	0.556900726392252	0.432873274780427	0.8917	0	0
Soil796	1.07490951940072	0.555286521388216	0.453825857519789	0.8778	0	0
Soil797	1.03871727969026	0.537530266343826	0.467040673211781	0.8778	0	0
Soil802	1.06767107145863	0.54317998385795	0.475282485875706	0.8781	0	0
Soil803	1.07490951940072	0.544794188861985	0.481798715203426	0.8781	0	0
Soil805	1.11110175911119	0.567393058918483	0.455016181229773	0.8809	0	0
Soil809	0.995286592037707	0.51089588377724	0.481368821292776	0.8903	0	0
Soil810	1.11110175911119	0.567393058918483	0.425544794188862	0.8781	0	0
Soil811	1.10748253514014	0.561743341404358	0.429894996911674	0.8781	0	0
