Row	p_EC	sensitivity	precision	relation	genus	species
Leaf1	0.506302258680991	0.596582466567608	0.521767381416504	0.889	0	0
Leaf10	0.514020280916982	0.597325408618128	0.531746031746032	0.9091	0	0
Leaf100	0.530999929836162	0.612184249628529	0.508014796547472	0.9304	0	0
Leaf102	0.534087138730558	0.615898959881129	0.509840098400984	0.9304	0	0
Leaf104	0.54026155651935	0.62184249628529	0.517305315203956	0.9304	0	0
Leaf106	0.534087138730558	0.62481426448737	0.510315533980582	0.9277	0	0
Leaf108	0.534087138730558	0.614413075780089	0.5101789019124	0.9304	0	0
Leaf11	0.497040631997802	0.580980683506687	0.53125	0.9058	0	0
Leaf111	0.547979578755341	0.634472511144131	0.515700483091787	0.9304	0	0
Leaf112	0.530999929836162	0.613670133729569	0.507682851874616	0.9304	0	0
Leaf113	0.534087138730558	0.62927191679049	0.521873074553296	0.9304	0	0
Leaf117	0.537174347624954	0.63150074294205	0.520514390691978	0.9304	0	0
Leaf119	0.538717952072152	0.617384843982169	0.504553734061931	0.9252	0	0
Leaf121	0.54026155651935	0.61887072808321	0.504237288135593	0.9252	0	0
Leaf122	0.538717952072152	0.618127786032689	0.504242424242424	0.9252	0	0
Leaf123	0.53254353428336	0.610698365527489	0.502138057422114	0.9252	0	0
Leaf125	0.54026155651935	0.62035661218425	0.514479359211337	0.9304	0	0
Leaf126	0.537174347624954	0.62778603268945	0.512431776834445	0.9019	0	0
Leaf127	0.572677249910511	0.660475482912333	0.490889011595803	0.9295	0	0
Leaf129	0.558784809885728	0.649331352154532	0.494343891402715	0.9295	0	0
Leaf13	0.659119098953607	0.721396731054978	0.535871964679912	0.9919	1	0
Leaf130	0.518651094258576	0.609212481426449	0.509950248756219	0.9158	0	0
Leaf131	0.541805160966549	0.62852897473997	0.534766118836915	0.9147	0	0
Leaf137	0.549523183202539	0.633729569093611	0.532792004996877	0.8889	0	0
Leaf139	0.524825512047369	0.604754829123328	0.531678641410843	0.9019	0	0
Leaf141	0.534087138730558	0.617384843982169	0.519699812382739	0.8889	0	0
Leaf145	0.549523183202539	0.633729569093611	0.5217125382263	0.8889	0	0
Leaf148	0.544892369860945	0.632243684992571	0.523692307692308	0.9147	0	0
Leaf15	0.594287712171285	0.673105497771174	0.497802197802198	0.9295	0	0
Leaf151	0.53254353428336	0.62481426448737	0.533629441624365	0.89	0	0
Leaf154	0.486235400867415	0.576523031203566	0.535541752933057	0.89	0	0
Leaf155	0.555697600991332	0.635958395245171	0.498543972044263	0.9396	0	0
Leaf159	0.517107489811378	0.606983655274889	0.519389701207883	0.89	0	0
Leaf16	0.518651094258576	0.606240713224368	0.535081967213115	0.9091	0	0
Leaf160	0.560328414332926	0.650817236255572	0.506065857885615	0.8886	0	0
Leaf161	0.512476676469784	0.601040118870728	0.523624595469256	0.89	0	0
Leaf164	0.461537729712245	0.557206537890045	0.528169014084507	0.8985	0	0
Leaf168	0.464624938606641	0.542347696879643	0.522922636103152	0.9314	0	0
Leaf17	0.478517378631425	0.563150074294205	0.523480662983425	0.8973	0	0
Leaf171	0.506302258680991	0.596582466567608	0.521767381416504	0.889	0	0
Leaf172	0.464624938606641	0.560921248142645	0.525034770514604	0.8945	0	0
Leaf176	0.503215049786595	0.572808320950966	0.551896921975662	0.8578	0	0
Leaf177	0.608180152196069	0.685735512630015	0.492266666666667	0.9033	0	0
Leaf179	0.51556388536418	0.604754829123328	0.529947916666667	0.89	0	0
Leaf180	0.409055178507508	0.492570579494799	0.532102728731942	0.8293	0	0
Leaf182	0.597374921065682	0.667904903417533	0.534165181224005	0.9662	0	0
Leaf183	0.495497027550604	0.583952451708767	0.525752508361204	0.89	0	0
Leaf185	0.51556388536418	0.612184249628529	0.523506988564168	0.8945	0	0
Leaf186	0.475430169737028	0.566121842496285	0.533987386124737	0.8945	0	0
Leaf187	0.527912720941765	0.592867756315007	0.52088772845953	0.9625	0	0
Leaf189	0.51556388536418	0.593610698365527	0.523934426229508	0.837	0	0
Leaf191	0.55724120543853	0.644130757800892	0.512108682811577	0.8886	0	0
Leaf194	0.49086621420901	0.565378900445765	0.556286549707602	0.8578	0	0
Leaf196	0.524825512047369	0.591381872213967	0.521967213114754	0.9625	0	0
Leaf198	0.517107489811378	0.607726597325409	0.528082633957392	0.9005	0	0
Leaf2	0.492409818656208	0.589153046062407	0.539089055064582	0.9151	0	0
Leaf20	0.509389467575388	0.598811292719168	0.529218647406435	0.9005	0	0
Leaf201	0.430665640768282	0.519316493313522	0.530349013657056	0.8274	0	0
Leaf202	0.558784809885728	0.641158989598811	0.509746012994684	0.9396	0	0
Leaf203	0.517107489811378	0.603268945022288	0.532459016393443	0.89	0	0
Leaf208	0.51556388536418	0.604011887072808	0.53381483913329	0.9005	0	0
Leaf210	0.504758654233793	0.591381872213967	0.529960053262317	0.8945	0	0
Leaf216	0.523281907600171	0.592124814264487	0.53489932885906	0.8561	0	0
Leaf22	0.514020280916982	0.601040118870728	0.535761589403974	0.9022	0	0
Leaf220	0.514020280916982	0.609955423476969	0.499088145896657	0.8903	0	0
Leaf222	0.538717952072152	0.62778603268945	0.52	0.8898	0	0
Leaf225	0.551066787649737	0.640416047548291	0.530461538461538	0.8996	0	0
Leaf226	0.518651094258576	0.608469539375929	0.531473069435431	0.9012	0	0
Leaf23	0.498584236445	0.581723625557207	0.534836065573771	0.9058	0	0
Leaf230	0.509389467575388	0.599554234769688	0.527450980392157	0.9005	0	0
Leaf231	0.517107489811378	0.601040118870728	0.539693128752502	0.9016	0	0
Leaf233	0.566502832121719	0.653046062407132	0.523525908278737	0.8973	0	0
Leaf234	0.497040631997802	0.586924219910847	0.519053876478318	0.885	0	0
Leaf24	0.509389467575388	0.598068350668648	0.535239361702128	0.9058	0	0
Leaf242	0.514020280916982	0.605497771173848	0.529908972691808	0.9005	0	0
Leaf244	0.512476676469784	0.603268945022288	0.534562211981567	0.8945	0	0
Leaf245	0.493953423103406	0.588410104011887	0.545079146593255	0.8928	0	0
Leaf247	0.554153996544134	0.644130757800892	0.527372262773723	0.8996	0	0
Leaf25	0.489322609761812	0.574294205052006	0.521592442645074	0.9058	0	0
Leaf254	0.472342960842632	0.564635958395245	0.53072625698324	0.8945	0	0
Leaf257	0.51556388536418	0.596582466567608	0.532140490390987	0.9016	0	0
Leaf258	0.552610392096936	0.640416047548291	0.531442663378545	0.8996	0	0
Leaf26	0.51556388536418	0.600297176820208	0.513994910941476	0.9133	0	0
Leaf261	0.486235400867415	0.578751857355126	0.518987341772152	0.89	0	0
Leaf262	0.563415623227323	0.647845468053492	0.508751458576429	0.9396	0	0
Leaf263	0.466168543053839	0.561664190193165	0.525364836692147	0.8945	0	0
Leaf264	0.507845863128189	0.598811292719168	0.514358647096362	0.9018	0	0
Leaf265	0.563415623227323	0.655274888558692	0.479347826086957	0.8886	0	0
Leaf267	0.543348765413747	0.62927191679049	0.474244120940649	0.8903	0	0
Leaf272	0.503215049786595	0.583209509658247	0.545517720639333	0.8928	0	0
Leaf274	0.54026155651935	0.634472511144131	0.46974697469747	0.8886	0	0
Leaf278	0.578851667699304	0.667161961367013	0.526686217008798	0.8973	0	0
Leaf28	0.517107489811378	0.606983655274889	0.52540192926045	0.9005	0	0
Leaf280	0.452276103029056	0.529717682020802	0.528539659006672	0.9314	0	0
Leaf283	0.512476676469784	0.606983655274889	0.536441234405778	0.8945	0	0
Leaf285	0.507845863128189	0.609212481426449	0.534898891063275	0.8973	0	0
Leaf288	0.547979578755341	0.63075780089153	0.527985074626866	0.89	0	0
Leaf289	0.501671445339397	0.583952451708767	0.542817679558011	0.8928	0	0
Leaf29	0.518651094258576	0.606240713224368	0.535081967213115	0.9091	0	0
Leaf291	0.493953423103406	0.578751857355126	0.542857142857143	0.8928	0	0
Leaf294	0.51556388536418	0.612184249628529	0.523506988564168	0.8945	0	0
Leaf296	0.517107489811378	0.610698365527489	0.529298132646491	0.8987	0	0
Leaf299	0.507845863128189	0.601040118870728	0.528758169934641	0.8988	0	0
Leaf3	0.484691796420217	0.577265973254086	0.527137042062415	0.8939	0	0
Leaf30	0.517107489811378	0.604754829123328	0.525161290322581	0.9012	0	0
Leaf304	0.472342960842632	0.566864784546805	0.527662517289073	0.8945	0	0
Leaf306	0.561872018780124	0.647102526002972	0.52186938286399	0.9378	0	0
Leaf307	0.507845863128189	0.610698365527489	0.53411306042885	0.8973	0	0
Leaf311	0.563415623227323	0.647845468053492	0.513243084167157	0.9396	0	0
Leaf314	0.510933072022586	0.598068350668648	0.522049286640726	0.889	0	0
Leaf32	0.518651094258576	0.606240713224368	0.535081967213115	0.9091	0	0
Leaf320	0.507845863128189	0.598068350668648	0.52477183833116	0.89	0	0
Leaf321	0.563415623227323	0.648588410104012	0.519333729922665	0.9378	0	0
Leaf324	0.547979578755341	0.636701337295691	0.515333734215274	0.9295	0	0
Leaf325	0.520194698705775	0.605497771173848	0.530598958333333	0.9018	0	0
Leaf326	0.521738303152973	0.614413075780089	0.539817232375979	0.9064	0	0
Leaf33	0.47388656528983	0.562407132243685	0.527526132404181	0.9091	0	0
Leaf334	0.506302258680991	0.598068350668648	0.515364916773367	0.8814	0	0
Leaf335	0.506302258680991	0.595096582466568	0.529761904761905	0.8945	0	0
Leaf336	0.526369116494567	0.611441307578009	0.515987460815047	0.8984	0	0
Leaf337	0.561872018780124	0.644130757800892	0.528014616321559	0.885	0	0
Leaf339	0.481604587525821	0.573551263001486	0.530949105914718	0.8973	0	0
Leaf34	0.512476676469784	0.604011887072808	0.528952504879636	0.9012	0	0
Leaf341	0.561872018780124	0.641158989598811	0.518007202881152	0.9378	0	0
Leaf343	0.501671445339397	0.586924219910847	0.531986531986532	0.9012	0	0
Leaf344	0.534087138730558	0.62109955423477	0.513513513513513	0.93	0	0
Leaf347	0.484691796420217	0.574294205052006	0.512599469496021	0.89	0	0
Leaf351	0.476973774184226	0.570579494799406	0.511318242343542	0.89	0	0
Leaf354	0.523281907600171	0.61961367013373	0.525851197982345	0.8973	0	0
Leaf357	0.475430169737028	0.563150074294205	0.520604395604396	0.8993	0	0
Leaf359	0.384357507352338	0.472511144130758	0.542199488491049	0.8307	0	0
Leaf361	0.55724120543853	0.640416047548291	0.504683840749415	0.9198	0	0
Leaf363	0.470799356395434	0.555720653789004	0.528248587570621	0.9314	0	0
Leaf369	0.535630743177756	0.62407132243685	0.518518518518518	0.8907	0	0
Leaf371	0.572677249910511	0.653789004457652	0.518562168532705	0.9378	0	0
Leaf38	0.51556388536418	0.610698365527489	0.532728451069345	0.9012	0	0
Leaf380	0.552610392096936	0.635215453194651	0.519756838905775	0.8936	0	0
Leaf383	0.566502832121719	0.647845468053492	0.515062020082693	0.9378	0	0
Leaf384	0.564959227674521	0.645616641901932	0.5108759553204	0.9378	0	0
Leaf386	0.602005734407276	0.684249628528975	0.509684560044272	0.9396	0	0
Leaf391	0.59891852551288	0.682763744427935	0.508296460176991	0.9396	0	0
Leaf394	0.430665640768282	0.518573551263002	0.525602409638554	0.8331	0	0
Leaf395	0.504758654233793	0.599554234769688	0.515654952076677	0.8814	0	0
Leaf396	0.578851667699304	0.655274888558692	0.50199203187251	0.9224	0	0
Leaf399	0.529456325388963	0.611441307578009	0.510229386236826	0.9304	0	0
Leaf400	0.509389467575388	0.601783060921248	0.496323529411765	0.8903	0	0
Leaf404	0.426034827426688	0.516344725111441	0.528115501519757	0.8331	0	0
Leaf405	0.47388656528983	0.556463595839525	0.538074712643678	0.8331	0	0
Leaf406	0.608180152196069	0.672362555720654	0.528004667444574	1	1	0
Leaf407	0.492409818656208	0.579494799405646	0.523841504365346	0.9058	0	0
Leaf41	0.489322609761812	0.563150074294205	0.561897702001483	0.8561	0	0
Leaf412	0.483148191973019	0.570579494799406	0.52856159669649	0.8973	0	0
Leaf414	0.439927267451471	0.514115898959881	0.511078286558346	0.9064	0	0
Leaf415	0.472342960842632	0.564635958395245	0.53072625698324	0.8945	0	0
Leaf416	0.443014476345867	0.517830609212481	0.513254786450663	0.9064	0	0
Leaf42	0.492409818656208	0.579494799405646	0.522088353413655	0.9058	0	0
Leaf420	0.498584236445	0.588410104011887	0.521739130434783	0.9186	0	0
Leaf427	0.563415623227323	0.646359583952452	0.51056338028169	0.9278	0	0
Leaf434	0.578851667699304	0.658989598811293	0.494425863991081	0.9295	0	0
Leaf436	0.520194698705775	0.608469539375929	0.52770618556701	0.89	0	0
Leaf44	0.466168543053839	0.562407132243685	0.52900069881202	0.8945	0	0
Leaf443	0.558784809885728	0.640416047548291	0.508554572271386	0.9357	0	0
Leaf446	0.520194698705775	0.605497771173848	0.545515394912985	0.893	0	0
Leaf453	0.595831316618484	0.679049034175334	0.508342602892102	0.9396	0	0
Leaf454	0.55724120543853	0.635958395245171	0.504716981132076	0.9314	0	0
Leaf456	0.54026155651935	0.632243684992571	0.506246281975015	0.9252	0	0
Leaf459	0.443014476345867	0.517830609212481	0.513254786450663	0.9064	0	0
Leaf460	0.563415623227323	0.646359583952452	0.511163337250294	0.9278	0	0
Leaf465	0.546435974308143	0.634472511144131	0.515700483091787	0.9304	0	0
Leaf466	0.529456325388963	0.611441307578009	0.509913258983891	0.9304	0	0
Leaf469	0.530999929836162	0.612184249628529	0.507389162561576	0.9304	0	0
Leaf48	0.583482481040898	0.665676077265973	0.5	0.9295	0	0
Leaf49	0.597374921065682	0.665676077265973	0.526748971193416	1	1	0
Leaf5	0.509389467575388	0.598068350668648	0.535239361702128	0.9058	0	0
Leaf50	0.631334218904041	0.699108469539376	0.519889502762431	0.8949	0	0
Leaf51	0.622072592220852	0.683506686478455	0.51656372824256	0.8949	0	0
Leaf53	0.611267361090465	0.677563150074294	0.505823627287854	0.8968	0	0
Leaf58	0.592744107724087	0.670133729569094	0.502227171492205	0.9295	0	0
Leaf61	0.568046436568917	0.652303120356612	0.51285046728972	0.9019	0	0
Leaf62	0.514020280916982	0.597325408618128	0.530693069306931	0.9022	0	0
Leaf64	0.493953423103406	0.583209509658247	0.518151815181518	0.9145	0	0
Leaf67	0.51556388536418	0.599554234769688	0.53197099538563	0.9022	0	0
Leaf68	0.558784809885728	0.641158989598811	0.509746012994684	0.9396	0	0
Leaf69	0.53254353428336	0.62035661218425	0.515750463248919	0.8889	0	0
Leaf7	0.554153996544134	0.644130757800892	0.527372262773723	0.8996	0	0
Leaf70	0.520194698705775	0.605497771173848	0.534776902887139	0.9151	0	0
Leaf72	0.588113294382493	0.663447251114413	0.52161214953271	0.9505	0	0
Leaf75	0.691534792344768	0.739227340267459	0.543418896777717	1	0	1
Leaf76	0.55724120543853	0.644130757800892	0.512108682811577	0.8886	0	0
Leaf78	0.554153996544134	0.641158989598811	0.508844339622642	0.8903	0	0
Leaf8	0.464624938606641	0.561664190193165	0.533898305084746	0.8945	0	0
Leaf82	0.514020280916982	0.590638930163447	0.536075522589346	0.8346	0	0
Leaf83	0.560328414332926	0.647845468053492	0.515976331360947	0.9255	0	0
Leaf84	0.554153996544134	0.640416047548291	0.512180629827689	0.8886	0	0
Leaf85	0.530999929836162	0.62184249628529	0.512239902080783	0.9277	0	0
Leaf86	0.534087138730558	0.616641901931649	0.507645259938838	0.9277	0	0
Leaf87	0.534087138730558	0.617384843982169	0.507326007326007	0.9304	0	0
Leaf88	0.546435974308143	0.633729569093611	0.516031457955233	0.9304	0	0
Leaf89	0.547979578755341	0.635958395245171	0.516908212560386	0.9304	0	0
Leaf9	0.497040631997802	0.580980683506687	0.53125	0.9058	0	0
Leaf90	0.535630743177756	0.614413075780089	0.503960999390615	0.9252	0	0
Leaf91	0.534087138730558	0.616641901931649	0.507334963325183	0.9277	0	0
Leaf92	0.534087138730558	0.613670133729569	0.503351614868982	0.9252	0	0
Leaf93	0.530999929836162	0.62184249628529	0.512553582363748	0.9277	0	0
Leaf94	0.547979578755341	0.635215453194651	0.51475015051174	0.9304	0	0
Leaf99	0.523281907600171	0.606983655274889	0.505882352941176	0.9304	0	0
Root100	0.580395272146502	0.647102526002972	0.512654502648617	0.9278	0	0
Root101	0.51556388536418	0.599554234769688	0.540884718498659	0.8945	0	0
Root102	0.603549338854474	0.682020802377415	0.513135830072666	0.9318	0	0
Root105	0.534087138730558	0.617384843982169	0.521003134796238	0.9279	0	0
Root107	0.5819388765937	0.667904903417533	0.524198250728863	0.8959	0	0
Root11	0.605092943301672	0.656760772659733	0.512463768115942	0.9837	1	0
Root112D2	0.480060983078623	0.572808320950966	0.52271186440678	0.8945	0	0
Root1203	0.603549338854474	0.690193164933135	0.51212789415656	0.9378	0	0
Root1204	0.609723756643267	0.680534918276374	0.503020318506315	0.9396	0	0
Root1212	0.57422085435771	0.648588410104012	0.511124121779859	0.9378	0	0
Root1217	0.558784809885728	0.641158989598811	0.509445100354191	0.8886	0	0
Root122	0.544892369860945	0.638930163447251	0.548819400127632	0.8954	0	0
Root1220	0.580395272146502	0.664190193164933	0.507090187180942	0.9378	0	0
Root1221	0.547979578755341	0.632986627043091	0.502654867256637	0.8845	0	0
Root1237	0.561872018780124	0.644873699851412	0.513002364066194	0.8887	0	0
Root1238	0.577308063252106	0.656760772659733	0.505431675242996	0.8845	0	0
Root123D2	0.504758654233793	0.572065378900446	0.498059508408797	0.9224	0	0
Root1240	0.568046436568917	0.644130757800892	0.516378796902918	0.9396	0	0
Root1252	0.611267361090465	0.684249628528975	0.50715859030837	0.9378	0	0
Root1257	0.535630743177756	0.634472511144131	0.514767932489452	0.8973	0	0
Root127	0.611267361090465	0.684249628528975	0.506322155030236	0.9378	0	0
Root1272	0.506302258680991	0.595096582466568	0.499376558603491	0.8887	0	0
Root1277	0.507845863128189	0.594353640416048	0.534045393858478	0.9302	0	0
Root1279	0.459994125265047	0.539375928677563	0.520430107526882	0.9314	0	0
Root1280	0.497040631997802	0.580237741456166	0.512131147540984	0.9154	0	0
Root1290	0.507845863128189	0.594353640416048	0.534045393858478	0.9302	0	0
Root1293	0.517107489811378	0.603268945022288	0.524547803617571	0.9018	0	0
Root1294	0.510933072022586	0.596582466567608	0.534620505992011	0.8979	0	0
Root1295	0.575764458804908	0.664933135215453	0.534328358208955	0.8996	0	0
Root1298	0.625159801115248	0.694650817236256	0.511767925561029	0.9378	0	0
Root1304	0.571133645463313	0.659732540861813	0.536880290205562	0.9026	0	0
Root131	0.605092943301672	0.656760772659733	0.512463768115942	0.9837	1	0
Root1310	0.592744107724087	0.677563150074294	0.509212730318258	0.8993	0	0
Root1312	0.625159801115248	0.694650817236256	0.511767925561029	0.9378	0	0
Root1319	0.55724120543853	0.649331352154532	0.543870566272558	0.8996	0	0
Root133	0.572677249910511	0.653046062407132	0.503436426116838	0.9019	0	0
Root1334	0.614354569984861	0.684249628528975	0.508558807288791	0.9396	0	0
Root135	0.595831316618484	0.679791976225854	0.514912774338773	0.8863	0	0
Root136	0.552610392096936	0.641158989598811	0.526862026862027	0.8872	0	0
Root137	0.503215049786595	0.596582466567608	0.525523560209424	0.8814	0	0
Root140	0.521738303152973	0.610698365527489	0.516981132075472	0.8942	0	0
Root142	0.608180152196069	0.682763744427935	0.506057268722467	0.9378	0	0
Root1423	0.446101685240264	0.528974739970282	0.508208422555318	0.9314	0	0
Root1433D1	0.497040631997802	0.591381872213967	0.523684210526316	0.89	0	0
Root1444	0.558784809885728	0.637444279346211	0.505896226415094	0.8889	0	0
Root1455	0.512476676469784	0.603268945022288	0.512626262626263	0.9233	0	0
Root1462	0.510933072022586	0.584695393759287	0.517082785808147	0.938	0	0
Root1464	0.529456325388963	0.62184249628529	0.518266253869969	0.8937	0	0
Root147	0.68227316566158	0.729569093610698	0.546162402669633	1	0	0
Root1471	0.543348765413747	0.62035661218425	0.520898315658141	0.9373	0	0
Root1472	0.527912720941765	0.62109955423477	0.51131498470948	0.9233	0	0
Root1480D1	0.564959227674521	0.650817236255572	0.509302325581395	0.9019	0	0
Root1485	0.571133645463313	0.652303120356612	0.50517836593786	0.9019	0	0
Root149	0.595831316618484	0.670133729569094	0.508169014084507	0.9378	0	0
Root1497	0.483148191973019	0.571322436849926	0.511643379906853	0.9072	0	0
Root151	0.518651094258576	0.607726597325409	0.518377693282636	0.8942	0	0
Root154	0.512476676469784	0.599554234769688	0.526075619295958	0.9072	0	0
Root157	0.547979578755341	0.62704309063893	0.516523867809058	0.9318	0	0
Root166	0.520194698705775	0.604011887072808	0.533464566929134	0.89	0	0
Root16D2	0.577308063252106	0.656760772659733	0.505431675242996	0.8845	0	0
Root170	0.543348765413747	0.63075780089153	0.492745211839814	0.903	0	0
Root172	0.597374921065682	0.678306092124814	0.508635097493036	0.9373	0	0
Root179	0.500127840892199	0.583952451708767	0.500318268618714	0.9151	0	0
Root180	0.51556388536418	0.602526002971768	0.526623376623377	0.89	0	0
Root181	0.546435974308143	0.638187221396731	0.528615384615385	0.8945	0	0
Root186	0.520194698705775	0.595096582466568	0.535785953177258	0.8346	0	0
Root187	0.577308063252106	0.664933135215453	0.527712264150943	0.8959	0	0
Root189	0.544892369860945	0.62778603268945	0.487593768032314	0.903	0	0
Root190	0.520194698705775	0.617384843982169	0.538910505836576	0.8914	0	0
Root198D2	0.569590041016115	0.655274888558692	0.505733944954128	0.9019	0	0
Root209	0.534087138730558	0.616641901931649	0.497900419916017	0.8903	0	0
Root214	0.512476676469784	0.599554234769688	0.526075619295958	0.9072	0	0
Root217	0.563415623227323	0.649331352154532	0.503456221198157	0.8903	0	0
Root219	0.561872018780124	0.650074294205052	0.502296211251435	0.8903	0	0
Root22	0.509389467575388	0.595839524517088	0.53042328042328	0.8865	0	0
Root224	0.535630743177756	0.634472511144131	0.514767932489452	0.8973	0	0
Root227	0.510933072022586	0.598068350668648	0.519354838709677	0.8984	0	0
Root231	0.611267361090465	0.684249628528975	0.50715859030837	0.9378	0	0
Root236	0.520194698705775	0.614413075780089	0.54840848806366	0.8928	0	0
Root239	0.700796419027957	0.74517087667162	0.550796265788029	1	1	0
Root240	0.521738303152973	0.61961367013373	0.532907348242811	0.8875	0	0
Root241	0.49086621420901	0.579494799405646	0.526671168129642	0.8973	0	0
Root258	0.611267361090465	0.684249628528975	0.50715859030837	0.9378	0	0
Root264	0.580395272146502	0.664933135215453	0.504794134235759	0.8993	0	0
Root265	0.57422085435771	0.657503714710253	0.51304347826087	0.8975	0	0
Root267	0.552610392096936	0.635958395245171	0.495083863504916	0.8903	0	0
Root268	0.572677249910511	0.647102526002972	0.511150234741784	0.9378	0	0
Root274	0.568046436568917	0.644130757800892	0.516378796902918	0.9396	0	0
Root275	0.552610392096936	0.635215453194651	0.496227510156703	0.8903	0	0
Root278	0.617441778879258	0.685735512630015	0.511074197120709	0.9378	0	0
Root280D1	0.507845863128189	0.597325408618128	0.520725388601036	0.89	0	0
Root29	0.577308063252106	0.656760772659733	0.505431675242996	0.8845	0	0
Root31	0.614354569984861	0.685735512630015	0.506308283049918	0.9378	0	0
Root318D1	0.568046436568917	0.648588410104012	0.489075630252101	0.8903	0	0
Root322	0.497040631997802	0.591381872213967	0.521967213114754	0.89	0	0
Root329	0.603549338854474	0.680534918276374	0.488533333333333	0.9295	0	0
Root332	0.478517378631425	0.578008915304606	0.52320107599193	0.9067	0	0
Root335	0.554153996544134	0.636701337295691	0.516265060240964	0.9019	0	0
Root336D2	0.564959227674521	0.653046062407132	0.504882251579552	0.9019	0	0
Root342	0.504758654233793	0.601040118870728	0.520592020592021	0.9274	0	0
Root343	0.504758654233793	0.601040118870728	0.520592020592021	0.9274	0	0
Root344	0.520194698705775	0.613670133729569	0.553990610328638	0.8928	0	0
Root351	0.575764458804908	0.656760772659733	0.494130799329234	0.9019	0	0
Root369	0.602005734407276	0.682763744427935	0.512834821428571	0.9024	0	0
Root381	0.560328414332926	0.644130757800892	0.51301775147929	0.93	0	0
Root4	0.512476676469784	0.595839524517088	0.524183006535948	0.8963	0	0
Root401	0.586569689935295	0.667161961367013	0.490978676872608	0.9295	0	0
Root402	0.544892369860945	0.63150074294205	0.5	0.8903	0	0
Root404	0.535630743177756	0.62258543833581	0.482163406214039	0.8845	0	0
Root405	0.551066787649737	0.635958395245171	0.504122497055359	0.8889	0	0
Root411	0.594287712171285	0.663447251114413	0.492553778268064	0.8903	0	0
Root413D1	0.534087138730558	0.617384843982169	0.519699812382739	0.9279	0	0
Root418	0.572677249910511	0.650074294205052	0.49800796812749	0.9019	0	0
Root420	0.514020280916982	0.592124814264487	0.530272787757818	0.8346	0	0
Root423	0.620528987773654	0.689450222882615	0.510170423309511	0.9378	0	0
Root431	0.549523183202539	0.642644873699851	0.538270068450529	0.9026	0	0
Root434	0.568046436568917	0.647845468053492	0.491821771009588	0.8903	0	0
Root436	0.523281907600171	0.609212481426449	0.546666666666667	0.9244	0	0
Root444D2	0.632877823351239	0.702823179791976	0.53688989784336	0.9344	0	0
Root456	0.524825512047369	0.609212481426449	0.543406229290921	0.8898	0	0
Root472D3	0.514020280916982	0.606240713224368	0.532637075718016	0.8914	0	0
Root473	0.55724120543853	0.643387815750372	0.494857142857143	0.8903	0	0
Root480	0.538717952072152	0.62704309063893	0.505692031156381	0.9151	0	0
Root482	0.586569689935295	0.651560178306092	0.504022988505747	0.9396	0	0
Root483D1	0.575764458804908	0.658989598811293	0.512420566146736	0.93	0	0
Root483D2	0.594287712171285	0.668647845468053	0.510493477027794	0.9396	0	0
Root485	0.503215049786595	0.598811292719168	0.527141922825376	0.8814	0	0
Root487D2Y	0.510933072022586	0.598811292719168	0.518661518661519	0.9233	0	0
Root491	0.589656898829691	0.667161961367013	0.509937535491198	0.9396	0	0
Root494	0.497040631997802	0.579494799405646	0.519653564290473	0.9107	0	0
Root495	0.481604587525821	0.578008915304606	0.548660084626234	0.8914	0	0
Root50	0.512476676469784	0.597325408618128	0.534930139720559	0.8979	0	0
Root52	0.600462129960078	0.659732540861813	0.539162112932605	0.9464	0	0
Root53	0.500127840892199	0.598068350668648	0.528215223097113	0.89	0	0
Root55	0.568046436568917	0.656760772659733	0.539024390243902	0.8996	0	0
Root552	0.537174347624954	0.618127786032689	0.507007921998781	0.9318	0	0
Root553	0.504758654233793	0.596582466567608	0.520414776409592	0.89	0	0
Root554	0.543348765413747	0.62035661218425	0.520898315658141	0.9373	0	0
Root558	0.618985383326456	0.688707280832095	0.507389162561576	0.9378	0	0
Root559	0.514020280916982	0.596582466567608	0.523809523809524	0.9107	0	0
Root561	0.507845863128189	0.589153046062407	0.501581277672359	0.9151	0	0
Root562	0.578851667699304	0.664190193164933	0.496390893947807	0.9295	0	0
Root563	0.51556388536418	0.599554234769688	0.544167228590695	0.8945	0	0
Root564	0.561872018780124	0.644130757800892	0.507908611599297	0.9396	0	0
Root565	0.544892369860945	0.634472511144131	0.48995983935743	0.903	0	0
Root568	0.544892369860945	0.63001485884101	0.502072232089994	0.8903	0	0
Root569	0.589656898829691	0.666419019316493	0.502521008403361	0.9295	0	0
Root60	0.517107489811378	0.603268945022288	0.524547803617571	0.9018	0	0
Root604	0.509389467575388	0.592867756315007	0.522251308900524	0.9102	0	0
Root608	0.421404014085093	0.510401188707281	0.515378844711178	0.9314	0	0
Root61	0.510933072022586	0.601783060921248	0.515595162316996	0.89	0	0
Root614	0.541805160966549	0.641158989598811	0.54242614707731	0.8914	0	0
Root627	0.527912720941765	0.617384843982169	0.503026634382567	0.9151	0	0
Root63	0.577308063252106	0.666419019316493	0.533928571428571	0.8996	0	0
Root630	0.506302258680991	0.591381872213967	0.52402896642528	0.9147	0	0
Root635	0.514020280916982	0.599554234769688	0.551983584131327	0.9244	0	0
Root65	0.497040631997802	0.578008915304606	0.518321119253831	0.9147	0	0
Root651	0.592744107724087	0.667904903417533	0.515186246418338	0.9396	0	0
Root655	0.520194698705775	0.615898959881129	0.524351676154333	0.9233	0	0
Root656	0.520194698705775	0.616641901931649	0.515207945375543	0.9233	0	0
Root662	0.551066787649737	0.635958395245171	0.503529411764706	0.8889	0	0
Root667	0.51556388536418	0.598811292719168	0.522697795071336	0.9107	0	0
Root66D1	0.571133645463313	0.659732540861813	0.536880290205562	0.9026	0	0
Root670	0.554153996544134	0.644130757800892	0.520720720720721	0.93	0	0
Root672	0.446101685240264	0.523774145616642	0.509025270758123	0.9167	0	0
Root68	0.589656898829691	0.672362555720654	0.493188010899183	0.9295	0	0
Root682	0.541805160966549	0.641158989598811	0.54242614707731	0.8914	0	0
Root685	0.503215049786595	0.589895988112927	0.533243787777032	0.9265	0	0
Root690	0.523281907600171	0.609955423476969	0.516352201257862	0.9107	0	0
Root695	0.589656898829691	0.669390787518574	0.509039548022599	0.9318	0	0
Root70	0.544892369860945	0.63150074294205	0.505350772889417	0.8886	0	0
Root700	0.517107489811378	0.610698365527489	0.531351001939237	0.9302	0	0
Root708	0.592744107724087	0.673105497771174	0.50445434298441	0.9378	0	0
Root71	0.589656898829691	0.672362555720654	0.493188010899183	0.9295	0	0
Root710	0.489322609761812	0.573551263001486	0.529129540781357	0.8979	0	0
Root720	0.514020280916982	0.598068350668648	0.534173855341739	0.8979	0	0
Root73	0.614354569984861	0.684249628528975	0.508558807288791	0.9396	0	0
Root74	0.625159801115248	0.694650817236256	0.511767925561029	0.9378	0	0
Root76	0.514020280916982	0.596582466567608	0.523809523809524	0.9107	0	0
Root77	0.507845863128189	0.594353640416048	0.534045393858478	0.9302	0	0
Root79	0.521738303152973	0.61961367013373	0.532907348242811	0.8875	0	0
Root81	0.523281907600171	0.613670133729569	0.521135646687697	0.8937	0	0
Root83	0.541805160966549	0.62704309063893	0.488991888760139	0.903	0	0
Root85	0.547979578755341	0.640416047548291	0.530461538461538	0.8945	0	0
Root9	0.588113294382493	0.665676077265973	0.493392070484582	0.9295	0	0
Root901	0.503215049786595	0.583209509658247	0.536935704514364	0.8326	0	0
Root916	0.510933072022586	0.594353640416048	0.523560209424084	0.9102	0	0
Root918	0.504758654233793	0.592124814264487	0.529568106312292	0.8865	0	0
Root920	0.59891852551288	0.667161961367013	0.527614571092832	1	1	0
Root930	0.504758654233793	0.598068350668648	0.527177472167649	0.8814	0	0
Root935	0.498584236445	0.578008915304606	0.55177304964539	0.8346	0	0
Root954	0.625159801115248	0.694650817236256	0.511767925561029	0.9378	0	0
Root96	0.514020280916982	0.596582466567608	0.523809523809524	0.9107	0	0
Root983	0.512476676469784	0.595096582466568	0.523529411764706	0.9102	0	0
Soil522	0.59891852551288	0.669390787518574	0.532820816085157	0.9505	0	0
Soil531	0.688447583450372	0.735512630014859	0.546659304251795	1	0	1
Soil535	0.535630743177756	0.613670133729569	0.51304347826087	0.8937	0	0
Soil538	0.568046436568917	0.653789004457652	0.507497116493656	0.8949	0	0
Soil724D2	0.632877823351239	0.702823179791976	0.533860045146727	0.9344	0	0
Soil728	0.512476676469784	0.608469539375929	0.529069767441861	0.8945	0	0
Soil729	0.51556388536418	0.596582466567608	0.524151436031332	0.8988	0	0
Soil736	0.561872018780124	0.641901931649331	0.511242603550296	0.885	0	0
Soil745	0.683816770108778	0.739227340267459	0.539003250270856	0.992	1	0
Soil748	0.510933072022586	0.595839524517088	0.537894030851777	0.8945	0	0
Soil750	0.603549338854474	0.675334323922734	0.521814006888634	0.9344	0	0
Soil756	0.504758654233793	0.589895988112927	0.522024983563445	0.903	0	0
Soil761	0.55724120543853	0.639673105497771	0.521818181818182	0.8889	0	0
Soil762	0.564959227674521	0.647102526002972	0.52755905511811	0.8889	0	0
Soil763	0.504758654233793	0.592867756315007	0.52327868852459	0.885	0	0
Soil764	0.558784809885728	0.642644873699851	0.519207683073229	0.8889	0	0
Soil766	0.597374921065682	0.665676077265973	0.525205158264947	0.9344	0	0
Soil768D1	0.666837121189598	0.725854383358098	0.534171678512849	0.9921	1	0
Soil772	0.484691796420217	0.572065378900446	0.509933774834437	0.9151	0	0
Soil773	0.510933072022586	0.597325408618128	0.522077922077922	0.9151	0	0
Soil774	0.517107489811378	0.609955423476969	0.521601016518424	0.8954	0	0
Soil777	0.520194698705775	0.610698365527489	0.529639175257732	0.8973	0	0
Soil782	0.512476676469784	0.600297176820208	0.530880420499343	0.885	0	0
Soil787	0.629790614456843	0.699108469539376	0.532842582106455	0.9344	0	0
Soil796	0.520194698705775	0.611441307578009	0.516635279347144	0.8942	0	0
Soil797	0.514020280916982	0.602526002971768	0.521543408360129	0.8942	0	0
Soil802	0.53254353428336	0.62184249628529	0.524764890282132	0.8945	0	0
Soil803	0.53254353428336	0.62035661218425	0.524827152734129	0.8945	0	0
Soil805	0.518651094258576	0.611441307578009	0.52994204764971	0.8973	0	0
Soil809	0.478517378631425	0.578008915304606	0.521447721179625	0.9067	0	0
Soil810	0.544892369860945	0.637444279346211	0.527350952673632	0.8945	0	0
Soil811	0.549523183202539	0.641158989598811	0.529447852760736	0.8945	0	0
