Row	p_EC	sensitivity	precision	relation	genus	species
Leaf1	1.04595572763235	0.523002421307506	0.421052631578947	0.8725	0	0
Leaf10	1.16177089470583	0.558514931396287	0.457671957671958	0.9331	0	0
Leaf100	1.34997054120024	0.635189669087974	0.485203452527744	0.9908	1	0
Leaf102	1.35358976517128	0.637610976594027	0.485854858548586	0.9908	1	0
Leaf104	1.35720898914233	0.63680387409201	0.487639060568603	0.9908	1	0
Leaf106	1.36444743708442	0.640032284100081	0.481189320388349	0.9921	1	0
Leaf108	1.37168588502651	0.640839386602098	0.4898210980876	0.9908	1	0
Leaf11	1.14729399882165	0.556093623890234	0.468070652173913	0.9298	0	0
Leaf111	1.38254355693965	0.645682001614205	0.483091787439614	0.9908	1	0
Leaf112	1.34273209325814	0.632768361581921	0.481868469575907	0.9908	0	0
Leaf113	1.3391128692871	0.634382566585956	0.484288354898336	0.9908	1	0
Leaf117	1.36806666105547	0.644067796610169	0.488671157379057	0.9908	1	0
Leaf119	1.40425890076593	0.649717514124294	0.488767455980571	1	0	1
Leaf121	1.40425890076593	0.649717514124294	0.48728813559322	1	0	1
Leaf122	1.40425890076593	0.649717514124294	0.487878787878788	1	0	1
Leaf123	1.40063967679488	0.648103309120258	0.490531459987783	1	1	0
Leaf125	1.36806666105547	0.639225181598063	0.487985212569316	0.9908	1	0
Leaf126	1.22329770221362	0.593220338983051	0.445724681625227	0.8855	0	0
Leaf127	1.29568218163454	0.620661824051655	0.424627277747101	0.9131	0	0
Leaf129	1.29568218163454	0.619047619047619	0.433823529411765	0.9131	0	0
Leaf13	1.1907246864742	0.578692493946731	0.395695364238411	0.9201	0	0
Leaf130	1.17624779059002	0.567393058918483	0.437189054726368	0.8995	0	0
Leaf131	1.18348623853211	0.578692493946731	0.453223767383059	0.8982	0	0
Leaf137	1.12919787896642	0.55044390637611	0.425983760149906	0.8724	0	0
Leaf139	1.16539011867688	0.569814366424536	0.461136512083606	0.8855	0	0
Leaf141	1.10386331116909	0.535108958837772	0.414634146341463	0.8724	0	0
Leaf145	1.11110175911119	0.544794188861985	0.412844036697248	0.8724	0	0
Leaf148	1.19434391044525	0.580306698950767	0.442461538461538	0.8982	0	0
Leaf15	1.30292062957663	0.619047619047619	0.421428571428571	0.9131	0	0
Leaf151	1.07852874337177	0.539144471347861	0.423857868020305	0.8736	0	0
Leaf154	1.01338271189294	0.508474576271186	0.434782608695652	0.8735	0	0
Leaf155	1.25587071795303	0.600484261501211	0.433313919627257	0.97	0	0
Leaf159	1.0495749516034	0.527037933817595	0.415130324221233	0.8736	0	0
Leaf16	1.16539011867688	0.560936238902341	0.455737704918033	0.9331	0	0
Leaf160	1.24863227001094	0.604519774011299	0.432697862507221	0.8722	0	0
Leaf161	1.02785960777712	0.517352703793382	0.414886731391586	0.8736	0	0
Leaf164	0.97357124821143	0.493139628732849	0.430281690140845	0.8821	0	0
Leaf168	1.07852874337177	0.531073446327684	0.47134670487106	0.9553	0	0
Leaf17	1.12919787896642	0.545601291364003	0.466850828729282	0.9213	0	0
Leaf171	1.04595572763235	0.523002421307506	0.421052631578947	0.8725	0	0
Leaf172	0.991667368066661	0.498789346246973	0.429763560500695	0.8781	0	0
Leaf176	1.09300563925595	0.535108958837772	0.474588403722262	0.8415	0	0
Leaf177	1.35720898914233	0.645682001614205	0.426666666666667	0.8869	0	0
Leaf179	1.03509805571922	0.518159806295399	0.41796875	0.8736	0	0
Leaf180	0.872232977022136	0.455205811138015	0.452648475120385	0.813	0	0
Leaf182	1.18710546250316	0.573849878934625	0.422459893048128	0.9234	0	0
Leaf183	1.02062115983503	0.509281678773204	0.422073578595318	0.8735	0	0
Leaf185	1.06767107145863	0.532687651331719	0.419313850063532	0.8781	0	0
Leaf186	1.00614426395085	0.498789346246973	0.433076384022425	0.8781	0	0
Leaf187	0.966332800269337	0.485068603712672	0.392297650130548	0.9135	0	0
Leaf189	1.10386331116909	0.548022598870056	0.445245901639344	0.8207	0	0
Leaf191	1.27396683780827	0.612590799031477	0.448316597755464	0.8722	0	0
Leaf194	1.06767107145863	0.527845036319613	0.478070175438596	0.8415	0	0
Leaf196	0.955475128356199	0.481033091202583	0.390819672131148	0.9135	0	0
Leaf198	1.21244003030048	0.584342211460856	0.46739832149774	0.9246	0	0
Leaf2	1.14729399882165	0.562550443906376	0.473827328348063	0.9391	0	0
Leaf20	1.21244003030048	0.581920903954802	0.473407747866054	0.9246	0	0
Leaf201	0.901186768790506	0.470540758676352	0.442336874051593	0.8111	0	0
Leaf202	1.2848245097214	0.611783696529459	0.44772593030124	0.97	0	0
Leaf203	1.03871727969026	0.520581113801453	0.422950819672131	0.8736	0	0
Leaf208	1.1907246864742	0.574656981436642	0.467498358502955	0.9246	0	0
Leaf210	1.04595572763235	0.522195318805488	0.430758988015979	0.8781	0	0
Leaf216	1.12557865499537	0.548829701372074	0.456375838926175	0.8398	0	0
Leaf22	1.17624779059002	0.566585956416465	0.464900662251656	0.9262	0	0
Leaf220	1.18348623853211	0.580306698950767	0.437082066869301	0.8739	0	0
Leaf222	1.08576719131386	0.536723163841808	0.409230769230769	0.8733	0	0
Leaf225	1.1907246864742	0.577885391444714	0.440615384615385	0.8832	0	0
Leaf226	1.20882080632943	0.584342211460856	0.469824789097988	0.9252	0	0
Leaf23	1.1436747748506	0.554479418886199	0.469262295081967	0.9298	0	0
Leaf230	1.18710546250316	0.573849878934625	0.464705882352941	0.9246	0	0
Leaf231	1.18710546250316	0.572235673930589	0.472981987991995	0.9255	0	0
Leaf233	1.21605925427153	0.587570621468927	0.433591423466349	0.8809	0	0
Leaf234	1.03509805571922	0.515738498789346	0.419842312746386	0.8685	0	0
Leaf24	1.16539011867688	0.564164648910412	0.464760638297872	0.9298	0	0
Leaf242	1.20882080632943	0.583535108958838	0.470091027308192	0.9246	0	0
Leaf244	1.04233650366131	0.518159806295399	0.422646477946017	0.8781	0	0
Leaf245	1.04595572763235	0.524616626311542	0.447350309704061	0.8764	0	0
Leaf247	1.21244003030048	0.585956416464891	0.441605839416058	0.8832	0	0
Leaf25	1.14005555087956	0.548022598870056	0.458164642375169	0.9298	0	0
Leaf254	0.995286592037707	0.495560936238902	0.42877094972067	0.8781	0	0
Leaf257	1.1907246864742	0.569814366424536	0.467859509609013	0.9255	0	0
Leaf258	1.1907246864742	0.577885391444714	0.441430332922318	0.8832	0	0
Leaf26	1.22329770221362	0.585956416464891	0.461832061068702	0.9373	0	0
Leaf261	1.02424038380608	0.51089588377724	0.421718854097269	0.8735	0	0
Leaf262	1.25948994192408	0.602098466505246	0.435239206534422	0.97	0	0
Leaf263	0.991667368066661	0.498789346246973	0.429464906184851	0.8781	0	0
Leaf264	1.04233650366131	0.521388216303471	0.412252712188896	0.8855	0	0
Leaf265	1.32101674943187	0.631961259079903	0.42554347826087	0.8722	0	0
Leaf267	1.2848245097214	0.61501210653753	0.426651735722284	0.8739	0	0
Leaf272	1.06405184748759	0.527845036319613	0.454482279360667	0.8764	0	0
Leaf274	1.27396683780827	0.616626311541566	0.42024202420242	0.8722	0	0
Leaf278	1.22329770221362	0.592413236481033	0.43049853372434	0.8809	0	0
Leaf28	1.21605925427153	0.586763518966909	0.467524115755627	0.9246	0	0
Leaf280	1.07490951940072	0.527037933817595	0.484062268346924	0.9553	0	0
Leaf283	1.0495749516034	0.523002421307506	0.425476034143139	0.8781	0	0
Leaf285	1.07129029542968	0.53591606133979	0.433137638617091	0.8809	0	0
Leaf288	1.08938641528491	0.533494753833737	0.411069651741294	0.8736	0	0
Leaf289	1.05681339954549	0.527037933817595	0.450966850828729	0.8764	0	0
Leaf29	1.16539011867688	0.560936238902341	0.455737704918033	0.9331	0	0
Leaf291	1.0495749516034	0.525423728813559	0.453658536585366	0.8764	0	0
Leaf294	1.06767107145863	0.532687651331719	0.419313850063532	0.8781	0	0
Leaf296	1.05681339954549	0.525423728813559	0.419188667095943	0.8823	0	0
Leaf299	1.03147883174817	0.515738498789346	0.417647058823529	0.8824	0	0
Leaf3	1.01700193586398	0.507667473769169	0.426729986431479	0.8775	0	0
Leaf30	1.22691692618466	0.58999192897498	0.471612903225806	0.9252	0	0
Leaf304	0.984428920124569	0.499596448748991	0.428077455048409	0.8781	0	0
Leaf306	1.27758606177931	0.610976594027442	0.453565008987418	0.9682	0	0
Leaf307	1.07129029542968	0.536723163841808	0.432098765432099	0.8809	0	0
Leaf311	1.25587071795303	0.604519774011299	0.440847557386698	0.97	0	0
Leaf314	1.04595572763235	0.521388216303471	0.4189364461738	0.8725	0	0
Leaf32	1.16539011867688	0.560936238902341	0.455737704918033	0.9331	0	0
Leaf320	1.0025250399798	0.506053268765133	0.408735332464146	0.8736	0	0
Leaf321	1.27396683780827	0.609362389023406	0.44913741820345	0.9682	0	0
Leaf324	1.25587071795303	0.608555286521388	0.453397474443776	0.9535	0	0
Leaf325	1.06767107145863	0.526230831315577	0.424479166666667	0.8855	0	0
Leaf326	1.00976348792189	0.523002421307506	0.422976501305483	0.8938	0	0
Leaf33	1.10024408719805	0.536723163841808	0.463414634146341	0.9331	0	0
Leaf334	1.06405184748759	0.523002421307506	0.414852752880922	0.865	0	0
Leaf335	1.05319417557445	0.524616626311542	0.42989417989418	0.8781	0	0
Leaf336	1.06043262351654	0.520581113801453	0.404388714733542	0.8819	0	0
Leaf337	1.15815167073479	0.560936238902341	0.42326431181486	0.8685	0	0
Leaf339	1.14005555087956	0.554479418886199	0.472489683631362	0.9213	0	0
Leaf34	1.21244003030048	0.585956416464891	0.47234873129473	0.9252	0	0
Leaf341	1.25948994192408	0.604519774011299	0.449579831932773	0.9682	0	0
Leaf343	1.16900934264793	0.562550443906376	0.469360269360269	0.9252	0	0
Leaf344	1.28120528575036	0.609362389023406	0.463759213759214	0.9722	1	0
Leaf347	1.02785960777712	0.513317191283293	0.421750663129974	0.8736	0	0
Leaf351	1.00976348792189	0.509281678773204	0.420106524633822	0.8736	0	0
Leaf354	1.1436747748506	0.565778853914447	0.441992433795712	0.8809	0	0
Leaf357	1.10386331116909	0.539144471347861	0.458791208791209	0.9233	0	0
Leaf359	0.843279185253766	0.446327683615819	0.471440750213129	0.8144	0	0
Leaf361	1.38254355693965	0.648910411622276	0.470725995316159	0.9842	1	0
Leaf363	1.11472098308223	0.539951573849879	0.472457627118644	0.9553	0	0
Leaf369	1.13281710293746	0.55770782889427	0.426543209876543	0.8741	0	0
Leaf371	1.27758606177931	0.611783696529459	0.446670595167943	0.9682	0	0
Leaf38	1.20520158235839	0.583535108958838	0.468567725210629	0.9252	0	0
Leaf380	1.15453244676374	0.562550443906376	0.42370820668693	0.877	0	0
Leaf383	1.26672838986617	0.609362389023406	0.445953927938571	0.9682	0	0
Leaf384	1.25948994192408	0.606133979015335	0.441504997060553	0.9682	0	0
Leaf386	1.32825519737396	0.628732849071832	0.431101272827892	0.97	0	0
Leaf391	1.32463597340291	0.627925746569814	0.430309734513274	0.97	0	0
Leaf394	0.94461745644306	0.485068603712672	0.452560240963855	0.8168	0	0
Leaf395	1.05681339954549	0.518966908797417	0.410862619808307	0.865	0	0
Leaf396	1.30292062957663	0.624697336561743	0.440523619806488	0.9768	0	0
Leaf399	1.36806666105547	0.639225181598063	0.491010539367638	0.9908	1	0
Leaf400	1.17624779059002	0.577885391444714	0.438725490196078	0.8739	0	0
Leaf404	0.904805992761552	0.47134786117837	0.443768996960486	0.8168	0	0
Leaf405	0.991667368066661	0.502824858757062	0.447557471264368	0.8168	0	0
Leaf406	1.12557865499537	0.551251008878128	0.398483080513419	0.9252	0	0
Leaf407	1.14005555087956	0.552058111380145	0.459368703828073	0.9298	0	0
Leaf41	1.06405184748759	0.525423728813559	0.482579688658265	0.8398	0	0
Leaf412	1.10024408719805	0.53591606133979	0.45698554714384	0.9213	0	0
Leaf414	1.06767107145863	0.523809523809524	0.479320531757755	0.8899	0	0
Leaf415	0.995286592037707	0.495560936238902	0.42877094972067	0.8781	0	0
Leaf416	1.07129029542968	0.527037933817595	0.480854197349043	0.8899	0	0
Leaf42	1.1436747748506	0.553672316384181	0.459170013386881	0.9298	0	0
Leaf420	1.08214796734282	0.535108958837772	0.436758893280632	0.9426	0	0
Leaf427	1.2848245097214	0.618240516545601	0.449530516431925	0.9518	0	0
Leaf434	1.2920629576635	0.61501210653753	0.424749163879599	0.9131	0	0
Leaf436	1.0495749516034	0.524616626311542	0.418814432989691	0.8736	0	0
Leaf44	0.991667368066661	0.495560936238902	0.429070580013976	0.8781	0	0
Leaf443	1.28120528575036	0.616626311541566	0.450737463126844	0.9597	0	0
Leaf446	1.07852874337177	0.539951573849879	0.447791164658635	0.8766	0	0
Leaf453	1.31377830148977	0.623083131557708	0.4293659621802	0.97	0	0
Leaf454	1.27396683780827	0.616626311541566	0.450471698113208	0.9554	0	0
Leaf456	1.40425890076593	0.652138821630347	0.480666270077335	1	1	0
Leaf459	1.07129029542968	0.527037933817595	0.480854197349043	0.8899	0	0
Leaf460	1.2848245097214	0.618240516545601	0.45005875440658	0.9518	0	0
Leaf465	1.37530510899756	0.644874899112187	0.482487922705314	0.9908	1	0
Leaf466	1.36806666105547	0.639225181598063	0.490706319702602	0.9908	1	0
Leaf469	1.35358976517128	0.635996771589992	0.485221674876847	0.9908	1	0
Leaf48	1.2920629576635	0.615819209039548	0.42578125	0.9131	0	0
Leaf49	1.10748253514014	0.541565778853914	0.394473838918283	0.9252	0	0
Leaf5	1.16539011867688	0.564164648910412	0.464760638297872	0.9298	0	0
Leaf50	1.2920629576635	0.610169491525424	0.41767955801105	0.8784	0	0
Leaf51	1.2920629576635	0.606941081517353	0.422234699606962	0.8784	0	0
Leaf53	1.2848245097214	0.610976594027442	0.419855795895729	0.8803	0	0
Leaf58	1.31377830148977	0.621468926553672	0.428730512249443	0.9131	0	0
Leaf61	1.28120528575036	0.615819209039548	0.445677570093458	0.8855	0	0
Leaf62	1.17624779059002	0.5682001614205	0.464686468646865	0.9262	0	0
Leaf64	1.09300563925595	0.539144471347861	0.440924092409241	0.9385	0	0
Leaf67	1.17986701456106	0.5682001614205	0.464073829927488	0.9262	0	0
Leaf68	1.2848245097214	0.611783696529459	0.44772593030124	0.97	0	0
Leaf69	1.11472098308223	0.54317998385795	0.415688696726374	0.8724	0	0
Leaf7	1.21244003030048	0.585956416464891	0.441605839416058	0.8832	0	0
Leaf70	1.12919787896642	0.556093623890234	0.452099737532808	0.8986	0	0
Leaf72	1.14729399882165	0.558514931396287	0.404205607476636	0.9078	0	0
Leaf75	1.22691692618466	0.589184826472962	0.398689240851993	0.9252	0	0
Leaf76	1.27396683780827	0.612590799031477	0.448316597755464	0.8722	0	0
Leaf78	1.27396683780827	0.611783696529459	0.446933962264151	0.8739	0	0
Leaf8	0.991667368066661	0.493946731234867	0.432203389830508	0.8781	0	0
Leaf82	1.07852874337177	0.536723163841808	0.448415374241403	0.8183	0	0
Leaf83	1.26672838986617	0.604519774011299	0.443195266272189	0.9091	0	0
Leaf84	1.27396683780827	0.610976594027442	0.449792038027332	0.8722	0	0
Leaf85	1.34635131722919	0.634382566585956	0.481028151774786	0.9921	1	0
Leaf86	1.36444743708442	0.638418079096045	0.483792048929664	0.9921	1	0
Leaf87	1.35358976517128	0.637610976594027	0.482295482295482	0.9908	1	0
Leaf88	1.37530510899756	0.644874899112187	0.483363581367211	0.9908	1	0
Leaf89	1.37892433296861	0.644874899112187	0.482487922705314	0.9908	1	0
Leaf9	1.14729399882165	0.556093623890234	0.468070652173913	0.9298	0	0
Leaf90	1.40063967679488	0.648103309120258	0.48933577087142	1	0	1
Leaf91	1.36444743708442	0.638418079096045	0.483496332518337	0.9921	1	0
Leaf92	1.40425890076593	0.648910411622276	0.489945155393053	1	0	1
Leaf93	1.34997054120024	0.635996771589992	0.482547458665034	0.9921	1	0
Leaf94	1.38254355693965	0.645682001614205	0.481637567730283	0.9908	1	0
Leaf99	1.331874421345	0.628732849071832	0.482352941176471	0.9908	1	0
Root100	1.27396683780827	0.606133979015335	0.442024720423779	0.9518	0	0
Root101	1.07852874337177	0.527845036319613	0.438337801608579	0.8781	0	0
Root102	1.32101674943187	0.627925746569814	0.434879821129122	0.9558	0	0
Root105	1.17986701456106	0.569814366424536	0.442633228840125	0.9519	0	0
Root107	1.20882080632943	0.581920903954802	0.420408163265306	0.8795	0	0
Root11	1.12557865499537	0.544794188861985	0.391304347826087	0.9119	0	0
Root112D2	1.01338271189294	0.50363196125908	0.423050847457627	0.8781	0	0
Root1203	1.331874421345	0.627925746569814	0.428886438809261	0.9682	0	0
Root1204	1.34635131722919	0.634382566585956	0.43163097199341	0.97	0	0
Root1212	1.27396683780827	0.608555286521388	0.441451990632318	0.9682	0	0
Root1217	1.2450130460399	0.598062953995157	0.437426210153483	0.8722	0	0
Root122	1.10748253514014	0.548829701372074	0.433950223356733	0.879	0	0
Root1220	1.29930140560559	0.614205004035512	0.431650595575723	0.9682	0	0
Root1221	1.23053615015571	0.58999192897498	0.431268436578171	0.8681	0	0
Root1237	1.2450130460399	0.598062953995157	0.437943262411348	0.8723	0	0
Root1238	1.27758606177931	0.614205004035512	0.435105774728416	0.8681	0	0
Root123D2	1.1907246864742	0.565778853914447	0.453428201811125	0.9768	0	0
Root1240	1.25587071795303	0.602905569007264	0.444907683144729	0.97	0	0
Root1252	1.31015907751873	0.625504439063761	0.426762114537445	0.9682	0	0
Root1257	1.1436747748506	0.560936238902341	0.418927064496685	0.8809	0	0
Root127	1.32101674943187	0.62953995157385	0.428807036833425	0.9682	0	0
Root1272	1.21605925427153	0.590799031476998	0.456359102244389	0.8723	0	0
Root1277	1.1907246864742	0.577885391444714	0.477970627503338	0.9542	0	0
Root1279	1.05681339954549	0.523809523809524	0.465232974910394	0.9553	0	0
Root1280	1.14005555087956	0.555286521388216	0.451147540983607	0.899	0	0
Root1290	1.1907246864742	0.577885391444714	0.477970627503338	0.9542	0	0
Root1293	1.07129029542968	0.52865213882163	0.42312661498708	0.8855	0	0
Root1294	1.17262856661897	0.569007263922518	0.469374167776298	0.922	0	0
Root1295	1.19434391044525	0.581920903954802	0.43044776119403	0.8832	0	0
Root1298	1.3391128692871	0.630347054075868	0.427476737821565	0.9682	0	0
Root1304	1.20158235838734	0.576271186440678	0.431680773881499	0.8862	0	0
Root131	1.12557865499537	0.544794188861985	0.391304347826087	0.9119	0	0
Root1310	1.24863227001094	0.594834543987086	0.411501954215522	0.8829	0	0
Root1312	1.3391128692871	0.630347054075868	0.427476737821565	0.9682	0	0
Root1319	1.18348623853211	0.570621468926554	0.439950217797137	0.8832	0	0
Root133	1.25587071795303	0.60774818401937	0.43127147766323	0.8855	0	0
Root1334	1.34273209325814	0.634382566585956	0.434014356709001	0.97	0	0
Root135	1.21967847824257	0.58999192897498	0.411367473269555	0.8699	0	0
Root136	1.20158235838734	0.577885391444714	0.437118437118437	0.8708	0	0
Root137	1.05319417557445	0.517352703793382	0.419502617801047	0.865	0	0
Root140	1.12557865499537	0.556900726392252	0.433962264150943	0.8778	0	0
Root142	1.31739752546082	0.628732849071832	0.428964757709251	0.9682	0	0
Root1423	1.03147883174817	0.516545601291364	0.456816559600285	0.9553	0	0
Root1433D1	1.02785960777712	0.515738498789346	0.420394736842105	0.8736	0	0
Root1444	1.23415537412676	0.598062953995157	0.436910377358491	0.8725	0	0
Root1455	1.19796313441629	0.58272800645682	0.455808080808081	0.9473	0	0
Root1462	1.18710546250316	0.573042776432607	0.466491458607096	0.9786	0	0
Root1464	1.07129029542968	0.529459241323648	0.406191950464396	0.8772	0	0
Root147	1.20158235838734	0.581113801452784	0.400444938820912	0.9252	0	0
Root1471	1.21605925427153	0.585149313962873	0.45227698066126	0.9613	0	0
Root1472	1.21244003030048	0.585149313962873	0.443425076452599	0.9473	0	0
Root1480D1	1.23053615015571	0.598870056497175	0.431395348837209	0.8855	0	0
Root1485	1.25587071795303	0.60774818401937	0.433256616800921	0.8855	0	0
Root149	1.30292062957663	0.620661824051655	0.433239436619718	0.9682	0	0
Root1497	1.11834020705328	0.544794188861985	0.449101796407186	0.9313	0	0
Root151	1.11834020705328	0.553672316384181	0.434727503168568	0.8778	0	0
Root154	1.1436747748506	0.555286521388216	0.448500651890482	0.9313	0	0
Root157	1.20882080632943	0.585149313962873	0.443696450428397	0.9558	0	0
Root166	1.04595572763235	0.517352703793382	0.420603674540682	0.8736	0	0
Root16D2	1.27758606177931	0.614205004035512	0.435105774728416	0.8681	0	0
Root170	1.21967847824257	0.590799031476998	0.424840394660476	0.8866	0	0
Root172	1.31377830148977	0.626311541565779	0.432311977715877	0.9613	0	0
Root179	1.12919787896642	0.552865213882163	0.436028007638447	0.8986	0	0
Root180	1.03147883174817	0.514931396287329	0.414285714285714	0.8736	0	0
Root181	1.12557865499537	0.552058111380145	0.420923076923077	0.8781	0	0
Root186	1.06767107145863	0.534301856335755	0.442809364548495	0.8183	0	0
Root187	1.20882080632943	0.581920903954802	0.425117924528302	0.8795	0	0
Root189	1.2377745980978	0.59725585149314	0.427005193306405	0.8866	0	0
Root190	1.10386331116909	0.548829701372074	0.440985732814527	0.875	0	0
Root198D2	1.24863227001094	0.603712671509282	0.428899082568807	0.8855	0	0
Root209	1.25948994192408	0.599677158999193	0.445710857828434	0.8739	0	0
Root214	1.1436747748506	0.555286521388216	0.448500651890482	0.9313	0	0
Root217	1.2848245097214	0.616626311541566	0.440092165898617	0.8739	0	0
Root219	1.2848245097214	0.617433414043584	0.439150401836969	0.8739	0	0
Root22	1.07129029542968	0.527037933817595	0.431878306878307	0.8701	0	0
Root224	1.1436747748506	0.560936238902341	0.418927064496685	0.8809	0	0
Root227	1.04233650366131	0.515738498789346	0.412258064516129	0.8819	0	0
Root231	1.31015907751873	0.625504439063761	0.426762114537445	0.9682	0	0
Root236	1.09300563925595	0.543987086359968	0.446949602122016	0.8764	0	0
Root239	1.19796313441629	0.577885391444714	0.393190554640307	0.9252	0	0
Root240	1.11834020705328	0.55044390637611	0.435782747603834	0.8711	0	0
Root241	1.10748253514014	0.540758676351897	0.452397029034436	0.9213	0	0
Root258	1.31015907751873	0.625504439063761	0.426762114537445	0.9682	0	0
Root264	1.24139382206885	0.593220338983051	0.414551607445008	0.8829	0	0
Root265	1.20158235838734	0.58272800645682	0.418550724637681	0.8811	0	0
Root267	1.25587071795303	0.602905569007264	0.432041642567958	0.8739	0	0
Root268	1.27396683780827	0.608555286521388	0.442488262910798	0.9682	0	0
Root274	1.25587071795303	0.602905569007264	0.444907683144729	0.97	0	0
Root275	1.25948994192408	0.602905569007264	0.433546140452699	0.8739	0	0
Root278	1.3391128692871	0.630347054075868	0.432447397563677	0.9682	0	0
Root280D1	1.03509805571922	0.518159806295399	0.41580310880829	0.8736	0	0
Root29	1.27758606177931	0.614205004035512	0.435105774728416	0.8681	0	0
Root31	1.331874421345	0.630347054075868	0.428414701042238	0.9682	0	0
Root318D1	1.31377830148977	0.625504439063761	0.434173669467787	0.8739	0	0
Root322	1.03147883174817	0.517352703793382	0.420327868852459	0.8736	0	0
Root329	1.33549364531605	0.630347054075868	0.416533333333333	0.9131	0	0
Root332	0.980809696153522	0.497175141242938	0.414256893073302	0.8903	0	0
Root335	1.22691692618466	0.59725585149314	0.44578313253012	0.8855	0	0
Root336D2	1.24139382206885	0.602098466505246	0.428489373923033	0.8855	0	0
Root342	1.17262856661897	0.573042776432607	0.456885456885457	0.9514	0	0
Root343	1.17262856661897	0.573042776432607	0.456885456885457	0.9514	0	0
Root344	1.07852874337177	0.54317998385795	0.451374916163649	0.8764	0	0
Root351	1.27396683780827	0.610169491525424	0.422582448295137	0.8855	0	0
Root369	1.25225149398199	0.59725585149314	0.412946428571429	0.8861	0	0
Root381	1.27758606177931	0.611783696529459	0.448520710059172	0.9722	0	0
Root4	1.05319417557445	0.518966908797417	0.420261437908497	0.8799	0	0
Root401	1.31015907751873	0.623083131557708	0.422088572990705	0.9131	0	0
Root402	1.2377745980978	0.594834543987086	0.433529411764706	0.8739	0	0
Root404	1.24139382206885	0.601291364003228	0.428653624856156	0.8681	0	0
Root405	1.24139382206885	0.602905569007264	0.439929328621908	0.8725	0	0
Root411	1.31739752546082	0.623083131557708	0.425813568670712	0.8739	0	0
Root413D1	1.17262856661897	0.567393058918483	0.439649781113196	0.9519	0	0
Root418	1.27758606177931	0.610169491525424	0.430278884462151	0.8855	0	0
Root420	1.06405184748759	0.533494753833737	0.439787092481703	0.8183	0	0
Root423	1.33549364531605	0.628732849071832	0.4282572842221	0.9682	0	0
Root431	1.16177089470583	0.564164648910412	0.43497199751089	0.8862	0	0
Root434	1.29568218163454	0.615819209039548	0.43034404963339	0.8739	0	0
Root436	1.1436747748506	0.562550443906376	0.464666666666667	0.9484	0	0
Root444D2	1.18348623853211	0.569814366424536	0.400681044267877	0.8917	0	0
Root456	1.08938641528491	0.533494753833737	0.438038436050364	0.8733	0	0
Root472D3	1.096624863227	0.544794188861985	0.440600522193211	0.875	0	0
Root473	1.28120528575036	0.611783696529459	0.433142857142857	0.8739	0	0
Root480	1.16539011867688	0.5682001614205	0.421809466746555	0.8986	0	0
Root482	1.28120528575036	0.613397901533495	0.436781609195402	0.97	0	0
Root483D1	1.29568218163454	0.619047619047619	0.443096476025419	0.9722	1	0
Root483D2	1.31739752546082	0.624697336561743	0.439024390243902	0.97	0	0
Root485	1.05681339954549	0.521388216303471	0.422498364944408	0.865	0	0
Root487D2Y	1.19796313441629	0.581113801452784	0.463320463320463	0.9473	0	0
Root491	1.29568218163454	0.615819209039548	0.433276547416241	0.97	0	0
Root494	1.10386331116909	0.546408393866021	0.451032644903398	0.8942	0	0
Root495	1.0495749516034	0.525423728813559	0.459097320169252	0.875	0	0
Root50	1.17624779059002	0.569814366424536	0.469727212242182	0.922	0	0
Root52	1.1436747748506	0.551251008878128	0.414693381906497	0.9036	0	0
Root53	1.02062115983503	0.513317191283293	0.417322834645669	0.8736	0	0
Root55	1.21605925427153	0.583535108958838	0.440853658536585	0.8832	0	0
Root552	1.21605925427153	0.589184826472962	0.4448507007922	0.9558	0	0
Root553	1.03147883174817	0.520581113801453	0.41801685029164	0.8736	0	0
Root554	1.21605925427153	0.585149313962873	0.45227698066126	0.9613	0	0
Root558	1.331874421345	0.628732849071832	0.426382047071702	0.9682	0	0
Root559	1.16177089470583	0.567393058918483	0.458577951728637	0.8942	0	0
Root561	1.14729399882165	0.55770782889427	0.437065148640101	0.8986	0	0
Root562	1.31739752546082	0.625504439063761	0.430316490838423	0.9131	0	0
Root563	1.06767107145863	0.524616626311542	0.438300741739717	0.8781	0	0
Root564	1.2920629576635	0.614205004035512	0.44581136496778	0.97	0	0
Root565	1.21967847824257	0.592413236481033	0.421113023522662	0.8866	0	0
Root568	1.2450130460399	0.596448748991122	0.437537004144464	0.8739	0	0
Root569	1.29930140560559	0.618240516545601	0.429131652661064	0.9131	0	0
Root60	1.07129029542968	0.52865213882163	0.42312661498708	0.8855	0	0
Root604	1.14005555087956	0.560129136400323	0.454188481675393	0.8937	0	0
Root608	0.984428920124569	0.502824858757062	0.467366841710428	0.9553	0	0
Root61	1.06405184748759	0.52865213882163	0.416931890515595	0.8736	0	0
Root614	1.13643632690851	0.562550443906376	0.43808925204274	0.875	0	0
Root627	1.1436747748506	0.558514931396287	0.418886198547215	0.8986	0	0
Root63	1.20158235838734	0.584342211460856	0.430952380952381	0.8832	0	0
Root630	1.12195943102432	0.552058111380145	0.450296247531271	0.8982	0	0
Root635	1.13281710293746	0.556093623890234	0.471272229822161	0.9484	0	0
Root65	1.11110175911119	0.544794188861985	0.449700199866756	0.8982	0	0
Root651	1.30292062957663	0.61501210653753	0.436676217765043	0.97	0	0
Root655	1.18348623853211	0.578692493946731	0.453510436432638	0.9473	0	0
Root656	1.20158235838734	0.58272800645682	0.448168839230292	0.9473	0	0
Root662	1.24139382206885	0.602905569007264	0.439411764705882	0.8725	0	0
Root667	1.16177089470583	0.5682001614205	0.456549935149157	0.8942	0	0
Root66D1	1.20158235838734	0.576271186440678	0.431680773881499	0.8862	0	0
Root670	1.25948994192408	0.609362389023406	0.453453453453453	0.9722	0	0
Root672	1.05319417557445	0.514931396287329	0.460649819494585	0.9407	0	0
Root68	1.32825519737396	0.630347054075868	0.425613079019074	0.9131	0	0
Root682	1.13643632690851	0.562550443906376	0.43808925204274	0.875	0	0
Root685	1.10386331116909	0.538337368845843	0.447951645399597	0.9505	0	0
Root690	1.14729399882165	0.564164648910412	0.439622641509434	0.8942	0	0
Root695	1.2848245097214	0.614205004035512	0.429943502824859	0.9558	0	0
Root70	1.23415537412676	0.592413236481033	0.436385255648038	0.8722	0	0
Root700	1.16900934264793	0.573849878934625	0.459599224305107	0.9542	0	0
Root708	1.32101674943187	0.623083131557708	0.429844097995546	0.9682	0	0
Root71	1.32825519737396	0.630347054075868	0.425613079019074	0.9131	0	0
Root710	1.13643632690851	0.553672316384181	0.470185058259082	0.922	0	0
Root720	1.17624779059002	0.569814366424536	0.468480424684804	0.922	0	0
Root73	1.34273209325814	0.634382566585956	0.434014356709001	0.97	0	0
Root74	1.3391128692871	0.630347054075868	0.427476737821565	0.9682	0	0
Root76	1.16177089470583	0.567393058918483	0.458577951728637	0.8942	0	0
Root77	1.1907246864742	0.577885391444714	0.477970627503338	0.9542	0	0
Root79	1.11834020705328	0.55044390637611	0.435782747603834	0.8711	0	0
Root81	1.08938641528491	0.537530266343826	0.42018927444795	0.8772	0	0
Root83	1.22329770221362	0.58999192897498	0.423522595596755	0.8866	0	0
Root85	1.13281710293746	0.555286521388216	0.423384615384615	0.8781	0	0
Root9	1.2920629576635	0.61501210653753	0.419603524229075	0.9131	0	0
Root901	1.03509805571922	0.524616626311542	0.444596443228454	0.8162	0	0
Root916	1.13643632690851	0.560129136400323	0.454188481675393	0.8937	0	0
Root918	1.07129029542968	0.526230831315577	0.433222591362126	0.8701	0	0
Root920	1.10748253514014	0.542372881355932	0.394829612220917	0.9252	0	0
Root930	1.05319417557445	0.516545601291364	0.419122462344466	0.865	0	0
Root935	1.02785960777712	0.522195318805488	0.45886524822695	0.8183	0	0
Root954	1.3391128692871	0.630347054075868	0.427476737821565	0.9682	0	0
Root96	1.16177089470583	0.567393058918483	0.458577951728637	0.8942	0	0
Root983	1.14729399882165	0.562550443906376	0.455555555555556	0.8937	0	0
Soil522	1.17624779059002	0.565778853914447	0.414547604967475	0.9078	0	0
Soil531	1.19796313441629	0.578692493946731	0.395913859745997	0.9252	0	0
Soil535	1.07490951940072	0.526230831315577	0.404968944099379	0.8772	0	0
Soil538	1.21244003030048	0.584342211460856	0.417531718569781	0.8785	0	0
Soil724D2	1.18710546250316	0.572235673930589	0.400112866817156	0.8917	0	0
Soil728	1.096624863227	0.542372881355932	0.434108527131783	0.8781	0	0
Soil729	1.04233650366131	0.512510088781275	0.414490861618799	0.8824	0	0
Soil736	1.15453244676374	0.560129136400323	0.410650887573965	0.8685	0	0
Soil745	1.1907246864742	0.579499596448749	0.388949079089924	0.9202	0	0
Soil748	1.06405184748759	0.520581113801453	0.432595573440644	0.8781	0	0
Soil750	1.17262856661897	0.564971751412429	0.401836969001148	0.8917	0	0
Soil756	1.05319417557445	0.524616626311542	0.427350427350427	0.8866	0	0
Soil761	1.1436747748506	0.555286521388216	0.416969696969697	0.8724	0	0
Soil762	1.15091322279269	0.556093623890234	0.417322834645669	0.8724	0	0
Soil763	1.05681339954549	0.518966908797417	0.421639344262295	0.8685	0	0
Soil764	1.14729399882165	0.556093623890234	0.413565426170468	0.8724	0	0
Soil766	1.15815167073479	0.556900726392252	0.404454865181712	0.8917	0	0
Soil768D1	1.19796313441629	0.585149313962873	0.396391470749043	0.9203	0	0
Soil772	1.09300563925595	0.539144471347861	0.442384105960265	0.8986	0	0
Soil773	1.16177089470583	0.566585956416465	0.455844155844156	0.8986	0	0
Soil774	1.04595572763235	0.521388216303471	0.410419313850064	0.879	0	0
Soil777	1.06767107145863	0.527845036319613	0.42139175257732	0.8809	0	0
Soil782	1.03147883174817	0.512510088781275	0.417214191852825	0.8685	0	0
Soil787	1.20520158235839	0.577885391444714	0.405436013590034	0.8917	0	0
Soil796	1.12195943102432	0.556093623890234	0.432517263025738	0.8778	0	0
Soil797	1.12195943102432	0.552058111380145	0.439871382636656	0.8778	0	0
Soil802	1.12195943102432	0.548022598870056	0.425705329153605	0.8781	0	0
Soil803	1.11834020705328	0.546408393866021	0.425518541797612	0.8781	0	0
Soil805	1.07490951940072	0.534301856335755	0.426271732131359	0.8809	0	0
Soil809	0.977190472182476	0.49636803874092	0.412198391420912	0.8903	0	0
Soil810	1.12557865499537	0.552058111380145	0.42040565457898	0.8781	0	0
Soil811	1.13643632690851	0.556093623890234	0.422699386503067	0.8781	0	0
