Row	p_EC	sensitivity	precision	relation	genus	species
Leaf1	1.45854726033162	0.761513157894737	0.185906444489058	0.8725	0	0
Leaf10	1.50559717195522	0.778782894736842	0.188833499501495	0.9331	0	0
Leaf100	1.65760457873916	0.853618421052632	0.215980024968789	0.9908	1	0
Leaf102	1.65398535476812	0.851151315789474	0.213490099009901	0.9908	1	0
Leaf104	1.66484302668126	0.855263157894737	0.202452793459217	0.9908	1	0
Leaf106	1.65398535476812	0.858552631578947	0.196462175385773	0.9921	1	0
Leaf108	1.68293914653649	0.858552631578947	0.212065813528336	0.9908	1	0
Leaf11	1.50559717195522	0.778782894736842	0.198283082077052	0.9298	0	0
Leaf111	1.67931992256544	0.863486842105263	0.206286836935167	0.9908	1	0
Leaf112	1.65760457873916	0.849506578947368	0.214004557696292	0.9908	0	0
Leaf113	1.65036613079707	0.853618421052632	0.210975609756098	0.9908	1	0
Leaf117	1.67208147462335	0.859375	0.215819909128459	0.9908	1	0
Leaf119	1.70465449036276	0.875	0.201897533206831	1	0	1
Leaf121	1.70827371433381	0.874177631578947	0.195010089891763	1	0	1
Leaf122	1.69741604242067	0.870888157894737	0.201599086236436	1	0	1
Leaf123	1.70465449036276	0.873355263157895	0.20259442960702	1	1	0
Leaf125	1.67208147462335	0.864309210526316	0.197111777944486	0.9908	1	0
Leaf126	1.53455096372359	0.807565789473684	0.189429012345679	0.8855	0	0
Leaf127	1.58522009931824	0.833059210526316	0.179450841452613	0.9131	0	0
Leaf129	1.60331621917347	0.834703947368421	0.180444444444444	0.9131	0	0
Leaf13	1.53455096372359	0.800164473684211	0.174874191229331	0.9201	0	0
Leaf130	1.48750105209999	0.776315789473684	0.176845260397152	0.8995	0	0
Leaf131	1.48750105209999	0.786184210526316	0.18752451941938	0.8982	0	0
Leaf137	1.42959346856325	0.746710526315789	0.193438432040903	0.8724	0	0
Leaf139	1.4802626041579	0.777960526315789	0.174185232922114	0.8855	0	0
Leaf141	1.43683191650534	0.746710526315789	0.181854596435009	0.8724	0	0
Leaf145	1.46216648430267	0.765625	0.176962554647405	0.8724	0	0
Leaf148	1.50197794798418	0.791940789473684	0.175665815395841	0.8982	0	0
Leaf15	1.61055466711556	0.826480263157895	0.174025974025974	0.9131	0	0
Leaf151	1.41511657267907	0.740131578947368	0.188797986154814	0.8736	0	0
Leaf154	1.3861627809107	0.732730263157895	0.196082746478873	0.8735	0	0
Leaf155	1.58522009931824	0.814967105263158	0.18571964017991	0.97	0	0
Leaf159	1.41511657267907	0.738486842105263	0.173459532547808	0.8736	0	0
Leaf16	1.47664338018685	0.763157894736842	0.194386258902388	0.9331	0	0
Leaf160	1.54902785960778	0.808388157894737	0.193275658670861	0.8722	0	0
Leaf161	1.41149734870802	0.748355263157895	0.184621627104889	0.8736	0	0
Leaf164	1.35720898914233	0.71875	0.193877551020408	0.8821	0	0
Leaf168	1.41873579665011	0.750822368421053	0.205260791366906	0.9553	0	0
Leaf17	1.46216648430267	0.770559210526316	0.197846283783784	0.9213	0	0
Leaf171	1.42959346856325	0.744243421052632	0.185109429331152	0.8725	0	0
Leaf172	1.35720898914233	0.721217105263158	0.210160555954948	0.8781	0	0
Leaf176	1.47302415621581	0.762335526315789	0.197781096650309	0.8415	0	0
Leaf177	1.69379681844963	0.862664473684211	0.176361802286483	0.8869	0	0
Leaf179	1.37168588502651	0.726151315789474	0.185543181340618	0.8736	0	0
Leaf180	1.27396683780827	0.6875	0.20130026486877	0.813	0	0
Leaf182	1.52007406783941	0.786184210526316	0.183563748079877	0.9234	0	0
Leaf183	1.37892433296861	0.726973684210526	0.18957752519837	0.8735	0	0
Leaf185	1.46216648430267	0.763157894736842	0.195327299515891	0.8781	0	0
Leaf186	1.41873579665011	0.75	0.195666166058786	0.8781	0	0
Leaf187	1.3391128692871	0.71875	0.179946469013795	0.9135	0	0
Leaf189	1.49112027607104	0.784539473684211	0.184633249467776	0.8207	0	0
Leaf191	1.60331621917347	0.816611842105263	0.181568842567197	0.8722	0	0
Leaf194	1.46940493224476	0.765625	0.193434448369001	0.8415	0	0
Leaf196	1.31015907751873	0.706414473684211	0.198017519594283	0.9135	0	0
Leaf198	1.60331621917347	0.821546052631579	0.184147465437788	0.9246	0	0
Leaf2	1.50921639592627	0.787828947368421	0.188991911619649	0.9391	0	0
Leaf20	1.60693544314452	0.822368421052632	0.180831826401447	0.9246	0	0
Leaf201	1.25225149398199	0.693256578947368	0.209129248325478	0.8111	0	0
Leaf202	1.5743624274051	0.808388157894737	0.187523845860359	0.97	0	0
Leaf203	1.42959346856325	0.751644736842105	0.19093377898475	0.8736	0	0
Leaf208	1.55264708357882	0.8125	0.182388776075318	0.9246	0	0
Leaf210	1.3861627809107	0.739309210526316	0.19312567132116	0.8781	0	0
Leaf216	1.47664338018685	0.770559210526316	0.19549342791571	0.8398	0	0
Leaf22	1.50559717195522	0.78125	0.200718360447919	0.9262	0	0
Leaf220	1.52007406783941	0.800986842105263	0.18623326959847	0.8739	0	0
Leaf222	1.46578570827371	0.768914473684211	0.169016630513377	0.8733	0	0
Leaf225	1.56350475549196	0.809210526315789	0.168176380105965	0.8832	0	0
Leaf226	1.56712397946301	0.823190789473684	0.196737421383648	0.9252	0	0
Leaf23	1.45492803636058	0.764802631578947	0.1923474663909	0.9298	0	0
Leaf230	1.55626630754987	0.810855263157895	0.186459909228442	0.9246	0	0
Leaf231	1.55626630754987	0.806743421052632	0.191976516634051	0.9255	0	0
Leaf233	1.55988553152092	0.806743421052632	0.167206408726777	0.8809	0	0
Leaf234	1.40425890076593	0.745065789473684	0.179833267169512	0.8685	0	0
Leaf24	1.48388182812895	0.773026315789474	0.190669371196755	0.9298	0	0
Leaf242	1.57074320343405	0.811677631578947	0.190687789799073	0.9246	0	0
Leaf244	1.42235502062116	0.757401315789474	0.196124361158433	0.8781	0	0
Leaf245	1.42235502062116	0.754934210526316	0.197759586385179	0.8764	0	0
Leaf247	1.59245854726033	0.809210526315789	0.168753215571943	0.8832	0	0
Leaf25	1.46940493224476	0.766447368421053	0.189161761721128	0.9298	0	0
Leaf254	1.40063967679488	0.745065789473684	0.178451841638763	0.8781	0	0
Leaf257	1.49112027607104	0.780427631578947	0.201315231226135	0.9255	0	0
Leaf258	1.5743624274051	0.8125	0.166948293342345	0.8832	0	0
Leaf26	1.51283561989731	0.787828947368421	0.178864824495892	0.9373	0	0
Leaf261	1.36806666105547	0.722861842105263	0.195376750388975	0.8735	0	0
Leaf262	1.60693544314452	0.829769736842105	0.192190476190476	0.97	0	0
Leaf263	1.40787812473697	0.733552631578947	0.194208578271282	0.8781	0	0
Leaf264	1.44045114047639	0.756578947368421	0.18756371049949	0.8855	0	0
Leaf265	1.63588923491289	0.842927631578947	0.169086110194655	0.8722	0	0
Leaf267	1.58522009931824	0.839638157894737	0.169798769333112	0.8739	0	0
Leaf272	1.42235502062116	0.746710526315789	0.193851409052092	0.8764	0	0
Leaf274	1.58883932328929	0.837993421052632	0.168513312386307	0.8722	0	0
Leaf278	1.56712397946301	0.811677631578947	0.175747863247863	0.8809	0	0
Leaf28	1.58522009931824	0.815789473684211	0.184833240171418	0.9246	0	0
Leaf280	1.41873579665011	0.751644736842105	0.204154567790931	0.9553	0	0
Leaf283	1.41149734870802	0.748355263157895	0.184996950599715	0.8781	0	0
Leaf285	1.50197794798418	0.791940789473684	0.19020343669761	0.8809	0	0
Leaf288	1.42959346856325	0.752467105263158	0.177394338891043	0.8736	0	0
Leaf289	1.45492803636058	0.765625	0.19054441260745	0.8764	0	0
Leaf29	1.50197794798418	0.775493421052632	0.204777415852334	0.9331	0	0
Leaf291	1.44407036444744	0.762335526315789	0.185103833865815	0.8764	0	0
Leaf294	1.46216648430267	0.763157894736842	0.195121951219512	0.8781	0	0
Leaf296	1.49112027607104	0.771381578947368	0.186703821656051	0.8823	0	0
Leaf299	1.40063967679488	0.733552631578947	0.196087052099363	0.8824	0	0
Leaf3	1.34635131722919	0.717105263157895	0.183001049317943	0.8775	0	0
Leaf30	1.58522009931824	0.831414473684211	0.19173146216575	0.9252	0	0
Leaf304	1.37892433296861	0.726973684210526	0.187129551227773	0.8781	0	0
Leaf306	1.60693544314452	0.824835526315789	0.181407126062579	0.9682	0	0
Leaf307	1.46940493224476	0.774671052631579	0.18620280687883	0.8809	0	0
Leaf311	1.57798165137615	0.815789473684211	0.194243195613863	0.97	0	0
Leaf314	1.44768958841848	0.755756578947368	0.180443746318476	0.8725	0	0
Leaf32	1.52007406783941	0.788651315789474	0.187268111696934	0.9331	0	0
Leaf320	1.37168588502651	0.725328947368421	0.191572545612511	0.8736	0	0
Leaf321	1.62503156299975	0.837171052631579	0.185023627771719	0.9682	0	0
Leaf324	1.54902785960778	0.810855263157895	0.196023856858847	0.9535	0	0
Leaf325	1.42235502062116	0.754934210526316	0.189865563598759	0.8855	0	0
Leaf326	1.40063967679488	0.75	0.199039720646006	0.8938	0	0
Leaf33	1.44768958841848	0.761513157894737	0.182427107959023	0.9331	0	0
Leaf334	1.41511657267907	0.737664473684211	0.173635307781649	0.865	0	0
Leaf335	1.36444743708442	0.730263157894737	0.190435342054471	0.8781	0	0
Leaf336	1.4332126925343	0.738486842105263	0.172393933576502	0.8819	0	0
Leaf337	1.45130881238953	0.753289473684211	0.175344563552833	0.8685	0	0
Leaf339	1.48750105209999	0.787828947368421	0.185658914728682	0.9213	0	0
Leaf34	1.57074320343405	0.808388157894737	0.188350258670243	0.9252	0	0
Leaf341	1.56350475549196	0.8125	0.187440713337128	0.9682	0	0
Leaf343	1.48750105209999	0.782072368421053	0.197507788161994	0.9252	0	0
Leaf344	1.59607777123138	0.835526315789474	0.20174741858618	0.9722	1	0
Leaf347	1.40425890076593	0.738486842105263	0.199024822695035	0.8736	0	0
Leaf351	1.32825519737396	0.704769736842105	0.20536784088186	0.8736	0	0
Leaf354	1.52007406783941	0.796052631578947	0.169319573202729	0.8809	0	0
Leaf357	1.47664338018685	0.774671052631579	0.170281995661605	0.9233	0	0
Leaf359	1.23415537412676	0.674342105263158	0.216988621328394	0.8144	0	0
Leaf361	1.68293914653649	0.870065789473684	0.1928193912885	0.9842	1	0
Leaf363	1.52007406783941	0.770559210526316	0.186802232854864	0.9553	0	0
Leaf369	1.56350475549196	0.813322368421053	0.175541356052538	0.8741	0	0
Leaf371	1.56712397946301	0.816611842105263	0.185503456005978	0.9682	0	0
Leaf38	1.58522009931824	0.818256578947368	0.185013015991075	0.9252	0	0
Leaf380	1.54540863563673	0.805098684210526	0.184682135446142	0.877	0	0
Leaf383	1.55626630754987	0.814144736842105	0.189618846964183	0.9682	0	0
Leaf384	1.55626630754987	0.810032894736842	0.181266102318734	0.9682	0	0
Leaf386	1.63588923491289	0.837171052631579	0.174584119362031	0.97	0	0
Leaf391	1.61779311505765	0.828947368421053	0.172987815342372	0.97	0	0
Leaf394	1.32825519737396	0.710526315789474	0.194200944032367	0.8168	0	0
Leaf395	1.43683191650534	0.739309210526316	0.181213465027212	0.865	0	0
Leaf396	1.6684622506523	0.845394736842105	0.172223152956944	0.9768	0	0
Leaf399	1.67931992256544	0.855263157894737	0.20680055677073	0.9908	1	0
Leaf400	1.51645484386836	0.796052631578947	0.180799402316025	0.8739	0	0
Leaf404	1.25948994192408	0.690789473684211	0.205278592375367	0.8168	0	0
Leaf405	1.34635131722919	0.724506578947368	0.195473707566008	0.8168	0	0
Leaf406	1.43683191650534	0.764802631578947	0.175042348955392	0.9252	0	0
Leaf407	1.45854726033162	0.759046052631579	0.184821786143372	0.9298	0	0
Leaf41	1.46216648430267	0.764802631578947	0.20060396893874	0.8398	0	0
Leaf412	1.44407036444744	0.761513157894737	0.178626543209877	0.9213	0	0
Leaf414	1.3861627809107	0.736019736842105	0.213756866491521	0.8899	0	0
Leaf415	1.40063967679488	0.745065789473684	0.177996070726916	0.8781	0	0
Leaf416	1.41149734870802	0.748355263157895	0.210941121928605	0.8899	0	0
Leaf42	1.44045114047639	0.748355263157895	0.190855704697987	0.9298	0	0
Leaf420	1.45854726033162	0.759868421052632	0.191423244251088	0.9426	0	0
Leaf427	1.58883932328929	0.824835526315789	0.189674735249622	0.9518	0	0
Leaf434	1.62865078697079	0.834703947368421	0.171192443919717	0.9131	0	0
Leaf436	1.37530510899756	0.724506578947368	0.190940615517989	0.8736	0	0
Leaf44	1.37168588502651	0.720394736842105	0.193079127176548	0.8781	0	0
Leaf443	1.58883932328929	0.814967105263158	0.201014198782961	0.9597	0	0
Leaf446	1.52007406783941	0.786184210526316	0.190780283376572	0.8766	0	0
Leaf453	1.61779311505765	0.832236842105263	0.174002751031637	0.97	0	0
Leaf454	1.62503156299975	0.836348684210526	0.193972916269311	0.9554	0	0
Leaf456	1.69017759447858	0.866776315789474	0.207113381803891	1	1	0
Leaf459	1.39702045282384	0.740953947368421	0.213103122043519	0.8899	0	0
Leaf460	1.58883932328929	0.824835526315789	0.188853323291282	0.9518	0	0
Leaf465	1.69017759447858	0.862664473684211	0.202236360131097	0.9908	1	0
Leaf466	1.67208147462335	0.856907894736842	0.217991631799163	0.9908	1	0
Leaf469	1.66484302668126	0.857730263157895	0.211176351488156	0.9908	1	0
Leaf48	1.59245854726033	0.817434210526316	0.179099099099099	0.9131	0	0
Leaf49	1.42235502062116	0.754934210526316	0.186585365853659	0.9252	0	0
Leaf5	1.48750105209999	0.773848684210526	0.191688734976574	0.9298	0	0
Leaf50	1.52007406783941	0.796052631578947	0.172333986113584	0.8784	0	0
Leaf51	1.5273125157815	0.796875	0.175289435600579	0.8784	0	0
Leaf53	1.49112027607104	0.777960526315789	0.174829051931251	0.8803	0	0
Leaf58	1.59969699520242	0.819078947368421	0.176220806794055	0.9131	0	0
Leaf61	1.57798165137615	0.819901315789474	0.182400292718624	0.8855	0	0
Leaf62	1.49473950004208	0.773026315789474	0.196858638743455	0.9262	0	0
Leaf64	1.44407036444744	0.750822368421053	0.190884382186912	0.9385	0	0
Leaf67	1.54178941166568	0.799342105263158	0.190775269872424	0.9262	0	0
Leaf68	1.57074320343405	0.807565789473684	0.187404580152672	0.97	0	0
Leaf69	1.44407036444744	0.750822368421053	0.17965367965368	0.8724	0	0
Leaf7	1.59245854726033	0.809210526315789	0.16860863605209	0.8832	0	0
Leaf70	1.4332126925343	0.759046052631579	0.204022988505747	0.8986	0	0
Leaf72	1.49473950004208	0.785361842105263	0.17341565280552	0.9078	0	0
Leaf75	1.57798165137615	0.824013157894737	0.188169014084507	0.9252	0	0
Leaf76	1.59607777123138	0.814144736842105	0.189982728842832	0.8722	0	0
Leaf78	1.59607777123138	0.817434210526316	0.187476423990947	0.8739	0	0
Leaf8	1.35720898914233	0.717105263157895	0.192028187623871	0.8781	0	0
Leaf82	1.4332126925343	0.762335526315789	0.196523213907144	0.8183	0	0
Leaf83	1.60693544314452	0.823190789473684	0.180653311676593	0.9091	0	0
Leaf84	1.59245854726033	0.814967105263158	0.189737698640628	0.8722	0	0
Leaf85	1.63588923491289	0.847861842105263	0.203916139240506	0.9921	1	0
Leaf86	1.66484302668126	0.858552631578947	0.205188679245283	0.9921	1	0
Leaf87	1.65036613079707	0.850328947368421	0.218097447795824	0.9908	1	0
Leaf88	1.67931992256544	0.853618421052632	0.202063461164104	0.9908	1	0
Leaf89	1.68655837050753	0.864309210526316	0.200610803588471	0.9908	1	0
Leaf9	1.50559717195522	0.778782894736842	0.198283082077052	0.9298	0	0
Leaf90	1.70103526639172	0.873355263157895	0.203799654576857	1	0	1
Leaf91	1.66122380271021	0.857730263157895	0.208183632734531	0.9921	1	0
Leaf92	1.70465449036276	0.875	0.201172244280582	1	0	1
Leaf93	1.65036613079707	0.851151315789474	0.202187927329557	0.9921	1	0
Leaf94	1.69379681844963	0.866776315789474	0.210463258785942	0.9908	1	0
Leaf99	1.69379681844963	0.865953947368421	0.195761293920803	0.9908	1	0
Root100	1.59607777123138	0.822368421052632	0.191754554170662	0.9518	0	0
Root101	1.49112027607104	0.769736842105263	0.18848167539267	0.8781	0	0
Root102	1.62865078697079	0.839638157894737	0.183666127001259	0.9558	0	0
Root105	1.52007406783941	0.790296052631579	0.182595477864336	0.9519	0	0
Root107	1.55264708357882	0.805921052631579	0.164401945982218	0.8795	0	0
Root11	1.45130881238953	0.763980263157895	0.171941513973718	0.9119	0	0
Root112D2	1.3861627809107	0.724506578947368	0.175637958532695	0.8781	0	0
Root1203	1.63227001094184	0.842105263157895	0.183348254252462	0.9682	0	0
Root1204	1.61779311505765	0.836348684210526	0.176042928855808	0.97	0	0
Root1212	1.6214123390287	0.829769736842105	0.178520877565464	0.9682	0	0
Root1217	1.56350475549196	0.810032894736842	0.171363952679193	0.8722	0	0
Root122	1.51645484386836	0.793585526315789	0.188993341167254	0.879	0	0
Root1220	1.61779311505765	0.833881578947368	0.183396635919696	0.9682	0	0
Root1221	1.54540863563673	0.808388157894737	0.182442464736451	0.8681	0	0
Root1237	1.54540863563673	0.801809210526316	0.171413502109705	0.8723	0	0
Root1238	1.57798165137615	0.815789473684211	0.179352739106852	0.8681	0	0
Root123D2	1.56350475549196	0.797697368421053	0.172998038166577	0.9768	0	0
Root1240	1.58160087534719	0.836348684210526	0.181380417335474	0.97	0	0
Root1252	1.62503156299975	0.836348684210526	0.170752182672935	0.9682	0	0
Root1257	1.52007406783941	0.788651315789474	0.168186601192564	0.8809	0	0
Root127	1.63588923491289	0.838815789473684	0.168846217513657	0.9682	0	0
Root1272	1.55626630754987	0.816611842105263	0.194439005286861	0.8723	0	0
Root1277	1.53817018769464	0.804276315789474	0.179515418502203	0.9542	0	0
Root1279	1.40787812473697	0.732730263157895	0.198972755694506	0.9553	0	0
Root1280	1.44045114047639	0.761513157894737	0.184719728705366	0.899	0	0
Root1290	1.55626630754987	0.8125	0.173729558642518	0.9542	0	0
Root1293	1.39702045282384	0.736842105263158	0.176273854023215	0.8855	0	0
Root1294	1.5273125157815	0.789473684210526	0.164074517176551	0.922	0	0
Root1295	1.61417389108661	0.831414473684211	0.159463722397476	0.8832	0	0
Root1298	1.61417389108661	0.833059210526316	0.174504737295435	0.9682	0	0
Root1304	1.57798165137615	0.807565789473684	0.162153236459709	0.8862	0	0
Root131	1.46578570827371	0.769736842105263	0.169534504618728	0.9119	0	0
Root1310	1.61779311505765	0.827302631578947	0.150261389096341	0.8829	0	0
Root1312	1.63227001094184	0.838815789473684	0.172326406487582	0.9682	0	0
Root1319	1.54902785960778	0.804276315789474	0.169556171983356	0.8832	0	0
Root133	1.53817018769464	0.810032894736842	0.174552542973596	0.8855	0	0
Root1334	1.63588923491289	0.841282894736842	0.170358034970858	0.97	0	0
Root135	1.63950845888393	0.836348684210526	0.150756003557664	0.8699	0	0
Root136	1.61055466711556	0.821546052631579	0.157894736842105	0.8708	0	0
Root137	1.42597424459221	0.736842105263158	0.172340834775918	0.865	0	0
Root140	1.49112027607104	0.786184210526316	0.162640353861858	0.8778	0	0
Root142	1.6214123390287	0.833881578947368	0.170678336980306	0.9682	0	0
Root1423	1.38978200488174	0.737664473684211	0.203956343792633	0.9553	0	0
Root1433D1	1.37892433296861	0.726151315789474	0.198293285425556	0.8736	0	0
Root1444	1.54178941166568	0.797697368421053	0.172720797720798	0.8725	0	0
Root1455	1.52007406783941	0.795230263157895	0.180343155538978	0.9473	0	0
Root1462	1.53455096372359	0.792763157894737	0.169987656497972	0.9786	0	0
Root1464	1.39340122885279	0.731907894736842	0.177680175683769	0.8772	0	0
Root147	1.5743624274051	0.827302631578947	0.167890520694259	0.9252	0	0
Root1471	1.60331621917347	0.820723684210526	0.172873722501299	0.9613	0	0
Root1472	1.52369329181045	0.796052631578947	0.172918899607002	0.9473	0	0
Root1480D1	1.54540863563673	0.808388157894737	0.187059942911513	0.8855	0	0
Root1485	1.55626630754987	0.814144736842105	0.167597765363128	0.8855	0	0
Root149	1.59245854726033	0.818256578947368	0.17298331015299	0.9682	0	0
Root1497	1.49112027607104	0.784539473684211	0.166841552990556	0.9313	0	0
Root151	1.46940493224476	0.773848684210526	0.167288888888889	0.8778	0	0
Root154	1.54178941166568	0.808388157894737	0.168379582048647	0.9313	0	0
Root157	1.55264708357882	0.806743421052632	0.197543294401933	0.9558	0	0
Root166	1.39340122885279	0.731907894736842	0.186075684716705	0.8736	0	0
Root16D2	1.5743624274051	0.817434210526316	0.180760138206947	0.8681	0	0
Root170	1.55264708357882	0.805098684210526	0.178845451223968	0.8866	0	0
Root172	1.63588923491289	0.839638157894737	0.170935878118199	0.9613	0	0
Root179	1.43683191650534	0.751644736842105	0.187141687141687	0.8986	0	0
Root180	1.3861627809107	0.738486842105263	0.183265306122449	0.8736	0	0
Root181	1.55264708357882	0.803453947368421	0.176513098464318	0.8781	0	0
Root186	1.44045114047639	0.765625	0.192713723866694	0.8183	0	0
Root187	1.53455096372359	0.797697368421053	0.170384682943966	0.8795	0	0
Root189	1.5273125157815	0.800164473684211	0.176332004349402	0.8866	0	0
Root190	1.46940493224476	0.763980263157895	0.17614713689799	0.875	0	0
Root198D2	1.55626630754987	0.811677631578947	0.184624017957351	0.8855	0	0
Root209	1.57798165137615	0.815789473684211	0.179417616205462	0.8739	0	0
Root214	1.51283561989731	0.796052631578947	0.166896551724138	0.9313	0	0
Root217	1.6214123390287	0.829769736842105	0.177766032417195	0.8739	0	0
Root219	1.62503156299975	0.827302631578947	0.179514632405425	0.8739	0	0
Root22	1.42597424459221	0.751644736842105	0.193398222598392	0.8701	0	0
Root224	1.51645484386836	0.787828947368421	0.167981763983868	0.8809	0	0
Root227	1.36444743708442	0.720394736842105	0.1815167840862	0.8819	0	0
Root231	1.62503156299975	0.836348684210526	0.170237696685638	0.9682	0	0
Root236	1.54178941166568	0.795230263157895	0.169768258426966	0.8764	0	0
Root239	1.55626630754987	0.819078947368421	0.181156784285195	0.9252	0	0
Root240	1.4802626041579	0.768092105263158	0.182030793217696	0.8711	0	0
Root241	1.50559717195522	0.786184210526316	0.180037664783428	0.9213	0	0
Root258	1.61417389108661	0.833059210526316	0.175259515570934	0.9682	0	0
Root264	1.55988553152092	0.810855263157895	0.159109246409553	0.8829	0	0
Root265	1.58522009931824	0.819901315789474	0.16368412411755	0.8811	0	0
Root267	1.54902785960778	0.800986842105263	0.176449275362319	0.8739	0	0
Root268	1.61779311505765	0.828947368421053	0.178312400495312	0.9682	0	0
Root274	1.58160087534719	0.836348684210526	0.181380417335474	0.97	0	0
Root275	1.57074320343405	0.805098684210526	0.171483622350674	0.8739	0	0
Root278	1.62865078697079	0.835526315789474	0.171534695255783	0.9682	0	0
Root280D1	1.40425890076593	0.739309210526316	0.189942953729136	0.8736	0	0
Root29	1.58883932328929	0.821546052631579	0.181306715063521	0.8681	0	0
Root31	1.61055466711556	0.834703947368421	0.173712134177648	0.9682	0	0
Root318D1	1.6214123390287	0.833881578947368	0.177957177957178	0.8739	0	0
Root322	1.37892433296861	0.725328947368421	0.193251533742331	0.8736	0	0
Root329	1.63227001094184	0.833059210526316	0.173905579399142	0.9131	0	0
Root332	1.36444743708442	0.725328947368421	0.196	0.8903	0	0
Root335	1.53093173975255	0.802631578947368	0.173172462739532	0.8855	0	0
Root336D2	1.55988553152092	0.814967105263158	0.1797569381462	0.8855	0	0
Root342	1.53093173975255	0.796052631578947	0.165526675786594	0.9514	0	0
Root343	1.50559717195522	0.788651315789474	0.168778599084829	0.9514	0	0
Root344	1.53093173975255	0.794407894736842	0.169443957200491	0.8764	0	0
Root351	1.56350475549196	0.814144736842105	0.166442501681237	0.8855	0	0
Root369	1.57074320343405	0.810032894736842	0.154050672505474	0.8861	0	0
Root381	1.60331621917347	0.819078947368421	0.18964204112719	0.9722	0	0
Root4	1.42235502062116	0.742598684210526	0.19171974522293	0.8799	0	0
Root401	1.6214123390287	0.828125	0.177008261557391	0.9131	0	0
Root402	1.54902785960778	0.796875	0.17627796980171	0.8739	0	0
Root404	1.56712397946301	0.822368421052632	0.174337517433752	0.8681	0	0
Root405	1.53817018769464	0.816611842105263	0.179080252479711	0.8725	0	0
Root411	1.61055466711556	0.825657894736842	0.169080498484338	0.8739	0	0
Root413D1	1.51645484386836	0.790296052631579	0.186240310077519	0.9519	0	0
Root418	1.58522009931824	0.827302631578947	0.166253511816229	0.8855	0	0
Root420	1.44407036444744	0.764802631578947	0.196783749471011	0.8183	0	0
Root423	1.60693544314452	0.832236842105263	0.175877650330205	0.9682	0	0
Root431	1.54178941166568	0.800164473684211	0.171604938271605	0.8862	0	0
Root434	1.61055466711556	0.832236842105263	0.165197518772445	0.8739	0	0
Root436	1.50197794798418	0.776315789473684	0.194278658160115	0.9484	0	0
Root444D2	1.49835872401313	0.777138157894737	0.173299101412067	0.8917	0	0
Root456	1.45492803636058	0.771381578947368	0.191820040899796	0.8733	0	0
Root472D3	1.52007406783941	0.787828947368421	0.179300018716077	0.875	0	0
Root473	1.61417389108661	0.833881578947368	0.167023554603854	0.8739	0	0
Root480	1.47664338018685	0.778782894736842	0.18017503805175	0.8986	0	0
Root482	1.59245854726033	0.820723684210526	0.185089020771513	0.97	0	0
Root483D1	1.65398535476812	0.842105263157895	0.178272980501393	0.9722	1	0
Root483D2	1.61055466711556	0.826480263157895	0.178507992895204	0.97	0	0
Root485	1.44045114047639	0.745888157894737	0.176253400699572	0.865	0	0
Root487D2Y	1.53455096372359	0.796875	0.174909747292419	0.9473	0	0
Root491	1.60693544314452	0.824835526315789	0.180525557955364	0.97	0	0
Root494	1.43683191650534	0.764802631578947	0.198973042362003	0.8942	0	0
Root495	1.47302415621581	0.763157894736842	0.183326748320822	0.875	0	0
Root50	1.52007406783941	0.785361842105263	0.166783094655955	0.922	0	0
Root52	1.45130881238953	0.772203947368421	0.194692100352478	0.9036	0	0
Root53	1.38254355693965	0.716282894736842	0.204556129638328	0.8736	0	0
Root55	1.59969699520242	0.826480263157895	0.164619164619165	0.8832	0	0
Root552	1.55264708357882	0.810032894736842	0.195825049701789	0.9558	0	0
Root553	1.3861627809107	0.726973684210526	0.180925092099877	0.8736	0	0
Root554	1.60331621917347	0.820723684210526	0.17293363368567	0.9613	0	0
Root558	1.61417389108661	0.833059210526316	0.171957222882363	0.9682	0	0
Root559	1.46940493224476	0.778782894736842	0.205869565217391	0.8942	0	0
Root561	1.46578570827371	0.765625	0.182263116679718	0.8986	0	0
Root562	1.62503156299975	0.834703947368421	0.182160804020101	0.9131	0	0
Root563	1.48750105209999	0.768092105263158	0.17226115824419	0.8781	0	0
Root564	1.57074320343405	0.810855263157895	0.190017344382347	0.97	0	0
Root565	1.5743624274051	0.816611842105263	0.164077990746861	0.8866	0	0
Root568	1.55988553152092	0.801809210526316	0.181699590011182	0.8739	0	0
Root569	1.61779311505765	0.833059210526316	0.177439131196357	0.9131	0	0
Root60	1.41873579665011	0.747532894736842	0.176573426573427	0.8855	0	0
Root604	1.46940493224476	0.780427631578947	0.188667992047714	0.8937	0	0
Root608	1.36806666105547	0.729440789473684	0.193583587952859	0.9553	0	0
Root61	1.47302415621581	0.768092105263158	0.171691176470588	0.8736	0	0
Root614	1.5273125157815	0.787006578947368	0.165056916177992	0.875	0	0
Root627	1.45854726033162	0.764802631578947	0.179156231939896	0.8986	0	0
Root63	1.61055466711556	0.824835526315789	0.160608486789432	0.8832	0	0
Root630	1.50197794798418	0.780427631578947	0.186995073891626	0.8982	0	0
Root635	1.46216648430267	0.763980263157895	0.210705375368564	0.9484	0	0
Root65	1.4332126925343	0.758223684210526	0.180148495506057	0.8982	0	0
Root651	1.59245854726033	0.822368421052632	0.17822135091784	0.97	0	0
Root655	1.51645484386836	0.798519736842105	0.171585085704188	0.9473	0	0
Root656	1.49473950004208	0.791940789473684	0.172549722271994	0.9473	0	0
Root662	1.53817018769464	0.816611842105263	0.179015684153597	0.8725	0	0
Root667	1.47664338018685	0.782072368421053	0.202082447938802	0.8942	0	0
Root66D1	1.59969699520242	0.824013157894737	0.162873862158648	0.8862	0	0
Root670	1.61779311505765	0.823190789473684	0.1892607298166	0.9722	0	0
Root672	1.41873579665011	0.749177631578947	0.174387442572741	0.9407	0	0
Root68	1.61779311505765	0.827302631578947	0.16730417428904	0.9131	0	0
Root682	1.53093173975255	0.787828947368421	0.165200896706329	0.875	0	0
Root685	1.48388182812895	0.765625	0.18070652173913	0.9505	0	0
Root690	1.48388182812895	0.789473684210526	0.184757505773672	0.8942	0	0
Root695	1.61055466711556	0.839638157894737	0.184362585771036	0.9558	0	0
Root70	1.51283561989731	0.787828947368421	0.187953698253875	0.8722	0	0
Root700	1.50197794798418	0.790296052631579	0.175942878066642	0.9542	0	0
Root708	1.61779311505765	0.831414473684211	0.184253690541279	0.9682	0	0
Root71	1.61417389108661	0.825657894736842	0.175401816911251	0.9131	0	0
Root710	1.49112027607104	0.777960526315789	0.165587257132855	0.922	0	0
Root720	1.52007406783941	0.787006578947368	0.162755102040816	0.922	0	0
Root73	1.62865078697079	0.837993421052632	0.174039282664389	0.97	0	0
Root74	1.63588923491289	0.838815789473684	0.172764227642276	0.9682	0	0
Root76	1.47664338018685	0.780427631578947	0.195428336079077	0.8942	0	0
Root77	1.55264708357882	0.807565789473684	0.175231977159172	0.9542	0	0
Root79	1.48388182812895	0.768914473684211	0.179290508149569	0.8711	0	0
Root81	1.42597424459221	0.752467105263158	0.187154837390059	0.8772	0	0
Root83	1.53093173975255	0.800164473684211	0.166723783413297	0.8866	0	0
Root85	1.5273125157815	0.792763157894737	0.183514182371978	0.8781	0	0
Root9	1.6214123390287	0.828125	0.175221854880807	0.9131	0	0
Root901	1.41149734870802	0.754111842105263	0.190130624092888	0.8162	0	0
Root916	1.51283561989731	0.788651315789474	0.186503306106573	0.8937	0	0
Root918	1.39340122885279	0.736842105263158	0.186861313868613	0.8701	0	0
Root920	1.41511657267907	0.751644736842105	0.173040514956456	0.9252	0	0
Root930	1.43683191650534	0.744243421052632	0.171433983709036	0.865	0	0
Root935	1.41511657267907	0.759868421052632	0.188340807174888	0.8183	0	0
Root954	1.64312768285498	0.841282894736842	0.169820717131474	0.9682	0	0
Root96	1.49112027607104	0.787006578947368	0.192943548387097	0.8942	0	0
Root983	1.46940493224476	0.780427631578947	0.188667992047714	0.8937	0	0
Soil522	1.50559717195522	0.782894736842105	0.19066693370719	0.9078	0	0
Soil531	1.56350475549196	0.819901315789474	0.166360754213249	0.9252	0	0
Soil535	1.42597424459221	0.735197368421053	0.185400248859394	0.8772	0	0
Soil538	1.58160087534719	0.813322368421053	0.153977891950802	0.8785	0	0
Soil724D2	1.51283561989731	0.785361842105263	0.174301879905092	0.8917	0	0
Soil728	1.45130881238953	0.754934210526316	0.187614960147149	0.8781	0	0
Soil729	1.44768958841848	0.758223684210526	0.182357594936709	0.8824	0	0
Soil736	1.48750105209999	0.770559210526316	0.172305994851048	0.8685	0	0
Soil745	1.52007406783941	0.796052631578947	0.174163368118028	0.9202	0	0
Soil748	1.49112027607104	0.761513157894737	0.189018166972852	0.8781	0	0
Soil750	1.50197794798418	0.772203947368421	0.179232677991983	0.8917	0	0
Soil756	1.39340122885279	0.736019736842105	0.181688997157937	0.8866	0	0
Soil761	1.45854726033162	0.754934210526316	0.180637544273908	0.8724	0	0
Soil762	1.46216648430267	0.754934210526316	0.187576624438087	0.8724	0	0
Soil763	1.4332126925343	0.747532894736842	0.188004136504654	0.8685	0	0
Soil764	1.45130881238953	0.757401315789474	0.179917952725142	0.8724	0	0
Soil766	1.46216648430267	0.760690789473684	0.186717803794913	0.8917	0	0
Soil768D1	1.52369329181045	0.800986842105263	0.175305975521958	0.9203	0	0
Soil772	1.4332126925343	0.751644736842105	0.190337359433569	0.8986	0	0
Soil773	1.53455096372359	0.797697368421053	0.191737497529156	0.8986	0	0
Soil774	1.40787812473697	0.737664473684211	0.193069306930693	0.879	0	0
Soil777	1.42597424459221	0.756578947368421	0.185259766411599	0.8809	0	0
Soil782	1.4332126925343	0.740953947368421	0.186426650113801	0.8685	0	0
Soil787	1.54178941166568	0.791940789473684	0.184624233128834	0.8917	0	0
Soil796	1.4802626041579	0.777960526315789	0.16383789400762	0.8778	0	0
Soil797	1.45854726033162	0.769736842105263	0.182634146341463	0.8778	0	0
Soil802	1.45854726033162	0.755756578947368	0.185132957292506	0.8781	0	0
Soil803	1.50197794798418	0.769736842105263	0.169227987705659	0.8781	0	0
Soil805	1.4802626041579	0.786184210526316	0.183952280161632	0.8809	0	0
Soil809	1.32825519737396	0.709703947368421	0.196493624772313	0.8903	0	0
Soil810	1.55264708357882	0.802631578947368	0.174130240856378	0.8781	0	0
Soil811	1.53455096372359	0.789473684210526	0.187463386057411	0.8781	0	0
