Row	p_EC	sensitivity	precision	relation	genus	species
Leaf1	1.23415537412676	0.632768361581921	0.226458694396303	0.8725	0	0
Leaf10	1.29930140560559	0.653753026634383	0.232691755242746	0.9331	0	0
Leaf100	1.53455096372359	0.76271186440678	0.255889520714866	0.9908	1	0
Leaf102	1.53093173975255	0.758676351896691	0.256410256410256	0.9908	1	0
Leaf104	1.55988553152092	0.764326069410815	0.246743095362168	0.9908	1	0
Leaf106	1.54902785960778	0.768361581920904	0.248499086400418	0.9921	1	0
Leaf108	1.54902785960778	0.763518966908797	0.259818731117825	0.9908	1	0
Leaf11	1.2920629576635	0.656981436642454	0.233304671825738	0.9298	0	0
Leaf111	1.57074320343405	0.777239709443099	0.250585480093677	0.9908	1	0
Leaf112	1.53093173975255	0.759483454398709	0.255082678232583	0.9908	0	0
Leaf113	1.54540863563673	0.764326069410815	0.25219707057257	0.9908	1	0
Leaf117	1.56350475549196	0.770782889426957	0.253114232706069	0.9908	1	0
Leaf119	1.61055466711556	0.791767554479419	0.247352496217852	1	0	1
Leaf121	1.60693544314452	0.788539144471348	0.248032495557248	1	0	1
Leaf122	1.61779311505765	0.792574656981437	0.251536885245902	1	0	1
Leaf123	1.61055466711556	0.791767554479419	0.248921593504187	1	1	0
Leaf125	1.56350475549196	0.77320419693301	0.249089963598544	0.9908	1	0
Leaf126	1.42235502062116	0.725585149313963	0.222359633935197	0.8855	0	0
Leaf127	1.52007406783941	0.759483454398709	0.213815042035901	0.9131	0	0
Leaf129	1.50921639592627	0.752219531880549	0.2318407960199	0.9131	0	0
Leaf13	1.41511657267907	0.71589991928975	0.209000942507069	0.9201	0	0
Leaf130	1.33549364531605	0.681194511702986	0.21990620114643	0.8995	0	0
Leaf131	1.3861627809107	0.702986279257466	0.21807711567351	0.8982	0	0
Leaf137	1.31015907751873	0.660209846650525	0.220901971374561	0.8724	0	0
Leaf139	1.36082821311337	0.690072639225182	0.213696575856036	0.8855	0	0
Leaf141	1.30653985354768	0.662631154156578	0.220817643894567	0.8724	0	0
Leaf145	1.2920629576635	0.661016949152542	0.215243101182654	0.8724	0	0
Leaf148	1.39340122885279	0.703793381759483	0.221939424790023	0.8982	0	0
Leaf15	1.54902785960778	0.757062146892655	0.209655789003129	0.9131	0	0
Leaf151	1.26310916589513	0.643260694108152	0.235033913299912	0.8736	0	0
Leaf154	1.18348623853211	0.610976594027442	0.236340930377771	0.8735	0	0
Leaf155	1.41511657267907	0.711864406779661	0.22437038921394	0.97	0	0
Leaf159	1.2450130460399	0.639225181598063	0.227651624029894	0.8736	0	0
Leaf16	1.2920629576635	0.653753026634383	0.233362143474503	0.9331	0	0
Leaf160	1.42235502062116	0.717514124293785	0.228946690703065	0.8722	0	0
Leaf161	1.19796313441629	0.621468926553672	0.240474703310431	0.8736	0	0
Leaf164	1.15091322279269	0.605326876513317	0.247524752475248	0.8821	0	0
Leaf168	1.26672838986617	0.656981436642454	0.250924784217016	0.9553	0	0
Leaf17	1.29568218163454	0.664245359160613	0.243924125666864	0.9213	0	0
Leaf171	1.23415537412676	0.632768361581921	0.226655102630818	0.8725	0	0
Leaf172	1.17986701456106	0.617433414043584	0.24527092016672	0.8781	0	0
Leaf176	1.25948994192408	0.651331719128329	0.240967452971036	0.8415	0	0
Leaf177	1.57798165137615	0.779661016949153	0.203496945439225	0.8869	0	0
Leaf179	1.20158235838734	0.623890234059726	0.23360531882744	0.8736	0	0
Leaf180	1.00976348792189	0.554479418886199	0.257110778443114	0.813	0	0
Leaf182	1.42597424459221	0.715092816787732	0.211708482676225	0.9234	0	0
Leaf183	1.16177089470583	0.609362389023406	0.228580078716318	0.8735	0	0
Leaf185	1.23053615015571	0.63680387409201	0.225751072961373	0.8781	0	0
Leaf186	1.17624779059002	0.619854721549637	0.243732148524278	0.8781	0	0
Leaf187	1.15815167073479	0.615819209039548	0.242530197075652	0.9135	0	0
Leaf189	1.31739752546082	0.680387409200969	0.232744340143567	0.8207	0	0
Leaf191	1.47302415621581	0.729620661824052	0.221026894865526	0.8722	0	0
Leaf194	1.25587071795303	0.655367231638418	0.237426900584795	0.8415	0	0
Leaf196	1.14729399882165	0.609362389023406	0.244178525226391	0.9135	0	0
Leaf198	1.38978200488174	0.703793381759483	0.232968207320331	0.9246	0	0
Leaf2	1.33549364531605	0.686844229217111	0.233214579336805	0.9391	0	0
Leaf20	1.40787812473697	0.711864406779661	0.232288648933368	0.9246	0	0
Leaf201	1.04233650366131	0.580306698950767	0.248359240069085	0.8111	0	0
Leaf202	1.42959346856325	0.715092816787732	0.227121250961292	0.97	0	0
Leaf203	1.21605925427153	0.625504439063761	0.243710691823899	0.8736	0	0
Leaf208	1.37892433296861	0.705407586763519	0.224909933093155	0.9246	0	0
Leaf210	1.22329770221362	0.635996771589992	0.23951367781155	0.8781	0	0
Leaf216	1.2920629576635	0.673123486682809	0.227993439037726	0.8398	0	0
Leaf22	1.32101674943187	0.665052461662631	0.236441893830703	0.9262	0	0
Leaf220	1.37530510899756	0.706214689265537	0.227627471383975	0.8739	0	0
Leaf222	1.25587071795303	0.641646489104116	0.214806808970548	0.8733	0	0
Leaf225	1.41149734870802	0.70137207425343	0.195456590193432	0.8832	0	0
Leaf226	1.39702045282384	0.717514124293785	0.238401716277822	0.9252	0	0
Leaf23	1.28844373369245	0.656981436642454	0.234244604316547	0.9298	0	0
Leaf230	1.37530510899756	0.702986279257466	0.236299511665762	0.9246	0	0
Leaf231	1.36082821311337	0.694915254237288	0.242398648648649	0.9255	0	0
Leaf233	1.45492803636058	0.725585149313963	0.195137833731278	0.8809	0	0
Leaf234	1.2377745980978	0.633575464083939	0.22913018096906	0.8685	0	0
Leaf24	1.31739752546082	0.664245359160613	0.238896952104499	0.9298	0	0
Leaf242	1.38254355693965	0.702179176755448	0.23462783171521	0.9246	0	0
Leaf244	1.20882080632943	0.630347054075868	0.227497815321876	0.8781	0	0
Leaf245	1.28844373369245	0.664245359160613	0.234006255331248	0.8764	0	0
Leaf247	1.42597424459221	0.705407586763519	0.199908508691674	0.8832	0	0
Leaf25	1.2848245097214	0.646489104116223	0.232916545507415	0.9298	0	0
Leaf254	1.14729399882165	0.605326876513317	0.235774913549198	0.8781	0	0
Leaf257	1.36806666105547	0.695722356739306	0.241591928251121	0.9255	0	0
Leaf258	1.41149734870802	0.70137207425343	0.194886745907154	0.8832	0	0
Leaf26	1.35720898914233	0.689265536723164	0.212914485165794	0.9373	0	0
Leaf261	1.17986701456106	0.612590799031477	0.229860690490612	0.8735	0	0
Leaf262	1.44407036444744	0.73365617433414	0.226683291770574	0.97	0	0
Leaf263	1.17986701456106	0.616626311541566	0.245817245817246	0.8781	0	0
Leaf264	1.21967847824257	0.62953995157385	0.21978021978022	0.8855	0	0
Leaf265	1.49473950004208	0.747376916868442	0.194415284484569	0.8722	0	0
Leaf267	1.46216648430267	0.748991121872478	0.207792207792208	0.8739	0	0
Leaf272	1.28844373369245	0.657788539144471	0.228739825989335	0.8764	0	0
Leaf274	1.44768958841848	0.746569814366425	0.202451302254323	0.8722	0	0
Leaf278	1.42235502062116	0.711057304277643	0.194010129927329	0.8809	0	0
Leaf28	1.40063967679488	0.707021791767555	0.229860928890055	0.9246	0	0
Leaf280	1.27034761383722	0.6545601291364	0.255997474747475	0.9553	0	0
Leaf283	1.22329770221362	0.635996771589992	0.226241745621591	0.8781	0	0
Leaf285	1.30292062957663	0.679580306698951	0.223698193411265	0.8809	0	0
Leaf288	1.28120528575036	0.658595641646489	0.209876543209877	0.8736	0	0
Leaf289	1.29568218163454	0.665859564164649	0.234441602728048	0.8764	0	0
Leaf29	1.2920629576635	0.653753026634383	0.233362143474503	0.9331	0	0
Leaf291	1.2920629576635	0.666666666666667	0.229317046085508	0.8764	0	0
Leaf294	1.23053615015571	0.63680387409201	0.225428571428571	0.8781	0	0
Leaf296	1.22691692618466	0.638418079096045	0.233608978145304	0.8823	0	0
Leaf299	1.20520158235839	0.626311541565779	0.235866261398176	0.8824	0	0
Leaf3	1.22329770221362	0.623083131557708	0.228199822642625	0.8775	0	0
Leaf30	1.39702045282384	0.716707021791768	0.238838084991931	0.9252	0	0
Leaf304	1.1436747748506	0.601291364003228	0.234719596723377	0.8781	0	0
Leaf306	1.44768958841848	0.72316384180791	0.226262626262626	0.9682	0	0
Leaf307	1.30292062957663	0.679580306698951	0.222692409415499	0.8809	0	0
Leaf311	1.41511657267907	0.716707021791768	0.224924012158055	0.97	0	0
Leaf314	1.24863227001094	0.637610976594027	0.223669309173273	0.8725	0	0
Leaf32	1.2920629576635	0.653753026634383	0.233362143474503	0.9331	0	0
Leaf320	1.17624779059002	0.61501210653753	0.236059479553903	0.8736	0	0
Leaf321	1.44768958841848	0.732849071832123	0.229292929292929	0.9682	0	0
Leaf324	1.40787812473697	0.716707021791768	0.237942122186495	0.9535	0	0
Leaf325	1.23053615015571	0.633575464083939	0.222442618305469	0.8855	0	0
Leaf326	1.20158235838734	0.639225181598063	0.241169305724726	0.8938	0	0
Leaf33	1.2450130460399	0.652138821630347	0.241771394374626	0.9331	0	0
Leaf334	1.26672838986617	0.640032284100081	0.216548334243583	0.865	0	0
Leaf335	1.22329770221362	0.634382566585956	0.234207389749702	0.8781	0	0
Leaf336	1.21967847824257	0.626311541565779	0.213715229964197	0.8819	0	0
Leaf337	1.32825519737396	0.666666666666667	0.204101803805288	0.8685	0	0
Leaf339	1.30653985354768	0.678773204196933	0.230853692012078	0.9213	0	0
Leaf34	1.39340122885279	0.706214689265537	0.236742424242424	0.9252	0	0
Leaf341	1.40425890076593	0.710250201775625	0.235924932975871	0.9682	0	0
Leaf343	1.32101674943187	0.675544794188862	0.238938053097345	0.9252	0	0
Leaf344	1.47302415621581	0.739305891848265	0.238541666666667	0.9722	1	0
Leaf347	1.17986701456106	0.613397901533495	0.227681246255243	0.8736	0	0
Leaf351	1.11110175911119	0.589184826472962	0.234651237544198	0.8736	0	0
Leaf354	1.36806666105547	0.695722356739306	0.200605073306958	0.8809	0	0
Leaf357	1.28120528575036	0.663438256658596	0.22495894909688	0.9233	0	0
Leaf359	1.00976348792189	0.559322033898305	0.2527352297593	0.8144	0	0
Leaf361	1.55988553152092	0.78046811945117	0.226676043131739	0.9842	1	0
Leaf363	1.27396683780827	0.651331719128329	0.243954050785973	0.9553	0	0
Leaf369	1.35720898914233	0.695722356739306	0.208262865426431	0.8741	0	0
Leaf371	1.42959346856325	0.728006456820016	0.226462465478283	0.9682	0	0
Leaf38	1.38254355693965	0.70137207425343	0.237951807228916	0.9252	0	0
Leaf380	1.36082821311337	0.696529459241324	0.207451923076923	0.877	0	0
Leaf383	1.40425890076593	0.714285714285714	0.236	0.9682	0	0
Leaf384	1.39340122885279	0.707828894269572	0.232194863648398	0.9682	0	0
Leaf386	1.47302415621581	0.738498789346247	0.207154177043242	0.97	0	0
Leaf391	1.46940493224476	0.738498789346247	0.206919945725916	0.97	0	0
Leaf394	1.07852874337177	0.587570621468927	0.252690038181187	0.8168	0	0
Leaf395	1.25587071795303	0.632768361581921	0.215030170049369	0.865	0	0
Leaf396	1.52007406783941	0.757869249394673	0.196896624030195	0.9768	0	0
Leaf399	1.54902785960778	0.763518966908797	0.259178082191781	0.9908	1	0
Leaf400	1.38978200488174	0.70137207425343	0.212106419331218	0.8739	0	0
Leaf404	1.03147883174817	0.572235673930589	0.248859248859249	0.8168	0	0
Leaf405	1.10024408719805	0.601291364003228	0.236357868020305	0.8168	0	0
Leaf406	1.32101674943187	0.678773204196933	0.23452314556609	0.9252	0	0
Leaf407	1.28120528575036	0.645682001614205	0.235501913453047	0.9298	0	0
Leaf41	1.25587071795303	0.655367231638418	0.246359223300971	0.8398	0	0
Leaf412	1.25948994192408	0.649717514124294	0.22523782876329	0.9213	0	0
Leaf414	1.27034761383722	0.640839386602098	0.273133814929481	0.8899	0	0
Leaf415	1.14729399882165	0.605326876513317	0.235774913549198	0.8781	0	0
Leaf416	1.27034761383722	0.644067796610169	0.273756432246998	0.8899	0	0
Leaf42	1.27758606177931	0.644874899112187	0.235346097201767	0.9298	0	0
Leaf420	1.25225149398199	0.639225181598063	0.230232558139535	0.9426	0	0
Leaf427	1.42597424459221	0.722356739305892	0.228958812995651	0.9518	0	0
Leaf434	1.54540863563673	0.75544794188862	0.21737111007896	0.9131	0	0
Leaf436	1.22329770221362	0.62953995157385	0.237082066869301	0.8736	0	0
Leaf44	1.15815167073479	0.609362389023406	0.242609254498715	0.8781	0	0
Leaf443	1.43683191650534	0.720742534301856	0.239474389916868	0.9597	0	0
Leaf446	1.32825519737396	0.682001614205004	0.224793828145783	0.8766	0	0
Leaf453	1.46940493224476	0.738498789346247	0.209238509032701	0.97	0	0
Leaf454	1.46940493224476	0.736077481840194	0.234026173979985	0.9554	0	0
Leaf456	1.58522009931824	0.779661016949153	0.248137683020807	1	1	0
Leaf459	1.27034761383722	0.644067796610169	0.274132600480934	0.8899	0	0
Leaf460	1.42597424459221	0.722356739305892	0.229017400204708	0.9518	0	0
Leaf465	1.57798165137615	0.775625504439064	0.252828203104446	0.9908	1	0
Leaf466	1.54902785960778	0.764326069410815	0.260307861462342	0.9908	1	0
Leaf469	1.54178941166568	0.763518966908797	0.255883148498783	0.9908	1	0
Leaf48	1.53817018769464	0.749798224374496	0.209187120018014	0.9131	0	0
Leaf49	1.2920629576635	0.669895076674738	0.225482205922304	0.9252	0	0
Leaf5	1.31739752546082	0.664245359160613	0.238896952104499	0.9298	0	0
Leaf50	1.50197794798418	0.740112994350282	0.20897903372835	0.8784	0	0
Leaf51	1.48750105209999	0.735270379338176	0.211811206696117	0.8784	0	0
Leaf53	1.46578570827371	0.719935431799839	0.209389671361502	0.8803	0	0
Leaf58	1.50559717195522	0.741727199354318	0.215626466447677	0.9131	0	0
Leaf61	1.46216648430267	0.736884584342211	0.215686274509804	0.8855	0	0
Leaf62	1.331874421345	0.66908797417272	0.240081088908196	0.9262	0	0
Leaf64	1.27034761383722	0.644067796610169	0.232382061735585	0.9385	0	0
Leaf67	1.32463597340291	0.666666666666667	0.234859255046915	0.9262	0	0
Leaf68	1.42959346856325	0.715092816787732	0.227121250961292	0.97	0	0
Leaf69	1.31377830148977	0.658595641646489	0.215644820295983	0.8724	0	0
Leaf7	1.42597424459221	0.705407586763519	0.199908508691674	0.8832	0	0
Leaf70	1.32825519737396	0.677158999192897	0.240607972469171	0.8986	0	0
Leaf72	1.37168588502651	0.706214689265537	0.209983201343892	0.9078	0	0
Leaf75	1.4332126925343	0.732849071832123	0.215574548907882	0.9252	0	0
Leaf76	1.47302415621581	0.729620661824052	0.221026894865526	0.8722	0	0
Leaf78	1.46940493224476	0.728813559322034	0.224347826086957	0.8739	0	0
Leaf8	1.15453244676374	0.610169491525424	0.240994580809691	0.8781	0	0
Leaf82	1.21967847824257	0.650524616626312	0.229826062161392	0.8183	0	0
Leaf83	1.50559717195522	0.744955609362389	0.219031798766018	0.9091	0	0
Leaf84	1.47302415621581	0.729620661824052	0.220272904483431	0.8722	0	0
Leaf85	1.53455096372359	0.761904761904762	0.246797385620915	0.9921	1	0
Leaf86	1.54178941166568	0.76997578692494	0.246257098606092	0.9921	1	0
Leaf87	1.53093173975255	0.759483454398709	0.253433880958793	0.9908	1	0
Leaf88	1.55626630754987	0.765133171912833	0.251192368839428	0.9908	1	0
Leaf89	1.56712397946301	0.77320419693301	0.249479166666667	0.9908	1	0
Leaf9	1.2920629576635	0.656981436642454	0.233304671825738	0.9298	0	0
Leaf90	1.61417389108661	0.792574656981437	0.254338254338254	1	0	1
Leaf91	1.54902785960778	0.770782889426957	0.247923156801661	0.9921	1	0
Leaf92	1.61417389108661	0.792574656981437	0.251343742001536	1	0	1
Leaf93	1.53093173975255	0.761097659402744	0.247441616373655	0.9921	1	0
Leaf94	1.58522009931824	0.778046811945117	0.252422100026185	0.9908	1	0
Leaf99	1.53817018769464	0.761904761904762	0.25659146507203	0.9908	1	0
Root100	1.45130881238953	0.734463276836158	0.223422538669286	0.9518	0	0
Root101	1.31739752546082	0.662631154156578	0.217483443708609	0.8781	0	0
Root102	1.50197794798418	0.75544794188862	0.213649851632047	0.9558	0	0
Root105	1.35720898914233	0.685230024213075	0.221266614542611	0.9519	0	0
Root107	1.39340122885279	0.715092816787732	0.187275417459311	0.8795	0	0
Root11	1.34635131722919	0.682001614205004	0.217839649394174	0.9119	0	0
Root112D2	1.18710546250316	0.613397901533495	0.224056603773585	0.8781	0	0
Root1203	1.49835872401313	0.752219531880549	0.215790692289882	0.9682	0	0
Root1204	1.48388182812895	0.749798224374496	0.210085933966531	0.97	0	0
Root1212	1.43683191650534	0.724778046811945	0.221728395061728	0.9682	0	0
Root1217	1.42959346856325	0.717514124293785	0.210663507109005	0.8722	0	0
Root122	1.34997054120024	0.690879741727199	0.214590122837804	0.879	0	0
Root1220	1.47302415621581	0.738498789346247	0.223661696406747	0.9682	0	0
Root1221	1.41511657267907	0.719935431799839	0.209783631232361	0.8681	0	0
Root1237	1.41511657267907	0.710250201775625	0.21256038647343	0.8723	0	0
Root1238	1.4802626041579	0.736884584342211	0.211636532220677	0.8681	0	0
Root123D2	1.36806666105547	0.690879741727199	0.215780186538946	0.9768	0	0
Root1240	1.44045114047639	0.7409200968523	0.228813559322034	0.97	0	0
Root1252	1.47302415621581	0.744148506860371	0.200391219300152	0.9682	0	0
Root1257	1.36082821311337	0.689265536723164	0.196366980915153	0.8809	0	0
Root127	1.47302415621581	0.743341404358353	0.200784826684107	0.9682	0	0
Root1272	1.41511657267907	0.720742534301856	0.228330350294042	0.8723	0	0
Root1277	1.36082821311337	0.703793381759483	0.221375983752221	0.9542	0	0
Root1279	1.21244003030048	0.632768361581921	0.24857324032974	0.9553	0	0
Root1280	1.31739752546082	0.673930589184827	0.225858804436029	0.899	0	0
Root1290	1.36082821311337	0.703793381759483	0.221207508878742	0.9542	0	0
Root1293	1.22329770221362	0.631154156577885	0.228654970760234	0.8855	0	0
Root1294	1.34635131722919	0.687651331719128	0.19568213137345	0.922	0	0
Root1295	1.4332126925343	0.723970944309927	0.182095006090134	0.8832	0	0
Root1298	1.49112027607104	0.750605326876513	0.199871050934881	0.9682	0	0
Root1304	1.41149734870802	0.714285714285714	0.187619249523002	0.8862	0	0
Root131	1.34635131722919	0.682001614205004	0.218064516129032	0.9119	0	0
Root1310	1.46940493224476	0.738498789346247	0.178920610089949	0.8829	0	0
Root1312	1.49112027607104	0.750605326876513	0.199871050934881	0.9682	0	0
Root1319	1.39340122885279	0.711864406779661	0.196831064494532	0.8832	0	0
Root133	1.45130881238953	0.731234866828087	0.19807608220376	0.8855	0	0
Root1334	1.47302415621581	0.744955609362389	0.20667263770712	0.97	0	0
Root135	1.4332126925343	0.728006456820016	0.176516634050881	0.8699	0	0
Root136	1.39702045282384	0.709443099273608	0.186465846414934	0.8708	0	0
Root137	1.26672838986617	0.638418079096045	0.21881051175657	0.865	0	0
Root140	1.331874421345	0.690072639225182	0.192437542201215	0.8778	0	0
Root142	1.48388182812895	0.746569814366425	0.199138858988159	0.9682	0	0
Root1423	1.17624779059002	0.623890234059726	0.239615623062616	0.9553	0	0
Root1433D1	1.21244003030048	0.628732849071832	0.236203759854457	0.8736	0	0
Root1444	1.38978200488174	0.70137207425343	0.214197683017008	0.8725	0	0
Root1455	1.34997054120024	0.695722356739306	0.211015911872705	0.9473	0	0
Root1462	1.36806666105547	0.691686844229217	0.218789890222109	0.9786	0	0
Root1464	1.2450130460399	0.640032284100081	0.219789356984479	0.8772	0	0
Root147	1.42235502062116	0.732041969330105	0.217610364683301	0.9252	0	0
Root1471	1.41149734870802	0.707021791767555	0.230708454042665	0.9613	0	0
Root1472	1.36082821311337	0.700564971751412	0.204475853945819	0.9473	0	0
Root1480D1	1.44045114047639	0.731234866828087	0.217579250720461	0.8855	0	0
Root1485	1.45130881238953	0.730427764326069	0.198901098901099	0.8855	0	0
Root149	1.46216648430267	0.728813559322034	0.209415584415584	0.9682	0	0
Root1497	1.28844373369245	0.672316384180791	0.206597222222222	0.9313	0	0
Root151	1.32463597340291	0.68361581920904	0.194533762057878	0.8778	0	0
Root154	1.30653985354768	0.678773204196933	0.202944015444015	0.9313	0	0
Root157	1.42597424459221	0.71589991928975	0.245638327333149	0.9558	0	0
Root166	1.21605925427153	0.628732849071832	0.22105561861521	0.8736	0	0
Root16D2	1.4802626041579	0.736884584342211	0.211489460273338	0.8681	0	0
Root170	1.42959346856325	0.72316384180791	0.211370606275065	0.8866	0	0
Root172	1.50559717195522	0.753833736884584	0.209699146834306	0.9613	0	0
Root179	1.3391128692871	0.675544794188862	0.231024013248689	0.8986	0	0
Root180	1.20158235838734	0.627118644067797	0.228731233441272	0.8736	0	0
Root181	1.34273209325814	0.68361581920904	0.216071428571429	0.8781	0	0
Root186	1.23053615015571	0.648910411622276	0.23110089106065	0.8183	0	0
Root187	1.3861627809107	0.712671509281679	0.19330122591944	0.8795	0	0
Root189	1.41511657267907	0.718321226795803	0.209165687426557	0.8866	0	0
Root190	1.34997054120024	0.684422921711057	0.203357314148681	0.875	0	0
Root198D2	1.45130881238953	0.735270379338176	0.218412850635339	0.8855	0	0
Root209	1.47302415621581	0.729620661824052	0.209162424803332	0.8739	0	0
Root214	1.30292062957663	0.677966101694915	0.202947571877265	0.9313	0	0
Root217	1.48388182812895	0.735270379338176	0.20751708428246	0.8739	0	0
Root219	1.50197794798418	0.7409200968523	0.208968814022308	0.8739	0	0
Root22	1.25948994192408	0.644874899112187	0.228025114155251	0.8701	0	0
Root224	1.36082821311337	0.689265536723164	0.196366980915153	0.8809	0	0
Root227	1.21967847824257	0.625504439063761	0.22010792388526	0.8819	0	0
Root231	1.47302415621581	0.744148506860371	0.200478364861926	0.9682	0	0
Root236	1.331874421345	0.679580306698951	0.21634121274409	0.8764	0	0
Root239	1.41873579665011	0.730427764326069	0.218019754276078	0.9252	0	0
Root240	1.36444743708442	0.689265536723164	0.205535499398315	0.8711	0	0
Root241	1.2848245097214	0.669895076674738	0.230235783633842	0.9213	0	0
Root258	1.47302415621581	0.744148506860371	0.200478364861926	0.9682	0	0
Root264	1.42235502062116	0.726392251815981	0.179497407259673	0.8829	0	0
Root265	1.40787812473697	0.719935431799839	0.179152440249046	0.8811	0	0
Root267	1.43683191650534	0.715092816787732	0.214579801404698	0.8739	0	0
Root268	1.43683191650534	0.724778046811945	0.221783156334898	0.9682	0	0
Root274	1.44045114047639	0.7409200968523	0.228813559322034	0.97	0	0
Root275	1.44407036444744	0.71589991928975	0.216025328787141	0.8739	0	0
Root278	1.50197794798418	0.752219531880549	0.204206836108677	0.9682	0	0
Root280D1	1.20158235838734	0.623083131557708	0.238198087010182	0.8736	0	0
Root29	1.4802626041579	0.736884584342211	0.211685601669372	0.8681	0	0
Root31	1.48388182812895	0.74818401937046	0.198884359579489	0.9682	0	0
Root318D1	1.49835872401313	0.746569814366425	0.205373001776199	0.8739	0	0
Root322	1.20520158235839	0.627118644067797	0.231940298507463	0.8736	0	0
Root329	1.55626630754987	0.76271186440678	0.197657393850659	0.9131	0	0
Root332	1.15815167073479	0.604519774011299	0.246624958840961	0.8903	0	0
Root335	1.43683191650534	0.722356739305892	0.202947845804989	0.8855	0	0
Root336D2	1.45130881238953	0.735270379338176	0.217370555953233	0.8855	0	0
Root342	1.37168588502651	0.702179176755448	0.206798193487045	0.9514	0	0
Root343	1.37168588502651	0.702179176755448	0.206945765937203	0.9514	0	0
Root344	1.33549364531605	0.679580306698951	0.215015321756895	0.8764	0	0
Root351	1.46578570827371	0.741727199354318	0.202735495257004	0.8855	0	0
Root369	1.44407036444744	0.730427764326069	0.171045171045171	0.8861	0	0
Root381	1.45854726033162	0.724778046811945	0.224387806096952	0.9722	0	0
Root4	1.25225149398199	0.632768361581921	0.232089994079337	0.8799	0	0
Root401	1.55988553152092	0.759483454398709	0.203415477734544	0.9131	0	0
Root402	1.41511657267907	0.709443099273608	0.215970515970516	0.8739	0	0
Root404	1.42959346856325	0.723970944309927	0.210415200562984	0.8681	0	0
Root405	1.40425890076593	0.717514124293785	0.21810598626104	0.8725	0	0
Root411	1.49473950004208	0.7409200968523	0.202828104286346	0.8739	0	0
Root413D1	1.34997054120024	0.686037126715093	0.221584984358707	0.9519	0	0
Root418	1.45854726033162	0.740112994350282	0.200393356643357	0.8855	0	0
Root420	1.22329770221362	0.646489104116223	0.235449735449735	0.8183	0	0
Root423	1.4802626041579	0.747376916868442	0.201655052264808	0.9682	0	0
Root431	1.36806666105547	0.698950766747377	0.196594778660613	0.8862	0	0
Root434	1.49835872401313	0.748991121872478	0.20134519418529	0.8739	0	0
Root436	1.31739752546082	0.670702179176755	0.237089871611983	0.9484	0	0
Root444D2	1.39340122885279	0.70137207425343	0.204807918925289	0.8917	0	0
Root456	1.32463597340291	0.679580306698951	0.222810267266473	0.8733	0	0
Root472D3	1.32825519737396	0.677158999192897	0.231002202643172	0.875	0	0
Root473	1.46578570827371	0.739305891848265	0.204509935253405	0.8739	0	0
Root480	1.35358976517128	0.690879741727199	0.227599042807764	0.8986	0	0
Root482	1.45130881238953	0.725585149313963	0.223854581673307	0.97	0	0
Root483D1	1.53455096372359	0.753026634382567	0.216573816155989	0.9722	1	0
Root483D2	1.46216648430267	0.736884584342211	0.210174953959484	0.97	0	0
Root485	1.26310916589513	0.63680387409201	0.217535153019024	0.865	0	0
Root487D2Y	1.34635131722919	0.691686844229217	0.211396151948693	0.9473	0	0
Root491	1.45130881238953	0.724778046811945	0.224275724275724	0.97	0	0
Root494	1.31015907751873	0.66908797417272	0.246140142517815	0.8942	0	0
Root495	1.30292062957663	0.663438256658596	0.229416689924644	0.875	0	0
Root50	1.34635131722919	0.687651331719128	0.19545767377839	0.922	0	0
Root52	1.34635131722919	0.690072639225182	0.225355824986821	0.9036	0	0
Root53	1.2377745980978	0.623083131557708	0.243994943109987	0.8736	0	0
Root55	1.41873579665011	0.719128329297821	0.188531527719001	0.8832	0	0
Root552	1.42235502062116	0.715092816787732	0.236582109479306	0.9558	0	0
Root553	1.20882080632943	0.624697336561743	0.240074441687345	0.8736	0	0
Root554	1.41149734870802	0.707021791767555	0.230708454042665	0.9613	0	0
Root558	1.47664338018685	0.746569814366425	0.200086523902228	0.9682	0	0
Root559	1.34635131722919	0.687651331719128	0.238321678321678	0.8942	0	0
Root561	1.36082821311337	0.68361581920904	0.230350829480555	0.8986	0	0
Root562	1.53817018769464	0.75544794188862	0.205218153913615	0.9131	0	0
Root563	1.30653985354768	0.655367231638418	0.216822429906542	0.8781	0	0
Root564	1.44045114047639	0.715092816787732	0.226020408163265	0.97	0	0
Root565	1.44768958841848	0.730427764326069	0.212441314553991	0.8866	0	0
Root568	1.44407036444744	0.719935431799839	0.2177734375	0.8739	0	0
Root569	1.54540863563673	0.761904761904762	0.206068543986029	0.9131	0	0
Root60	1.22329770221362	0.631154156577885	0.228654970760234	0.8855	0	0
Root604	1.32101674943187	0.685230024213075	0.236820083682008	0.8937	0	0
Root608	1.15453244676374	0.613397901533495	0.249835634451019	0.9553	0	0
Root61	1.22691692618466	0.628732849071832	0.208066239316239	0.8736	0	0
Root614	1.38254355693965	0.696529459241324	0.202013108614232	0.875	0	0
Root627	1.3391128692871	0.678773204196933	0.228036876355748	0.8986	0	0
Root63	1.44045114047639	0.726392251815981	0.18262987012987	0.8832	0	0
Root630	1.31377830148977	0.682001614205004	0.23323212807066	0.8982	0	0
Root635	1.29930140560559	0.661016949152542	0.231945624468989	0.9484	0	0
Root65	1.30653985354768	0.669895076674738	0.235527809307605	0.8982	0	0
Root651	1.45130881238953	0.730427764326069	0.214760322733745	0.97	0	0
Root655	1.36082821311337	0.705407586763519	0.2073055028463	0.9473	0	0
Root656	1.34635131722919	0.69410815173527	0.204324067474459	0.9473	0	0
Root662	1.40425890076593	0.717514124293785	0.218320235756385	0.8725	0	0
Root667	1.34273209325814	0.686844229217111	0.23632324354346	0.8942	0	0
Root66D1	1.40425890076593	0.712671509281679	0.187274655355249	0.8862	0	0
Root670	1.46578570827371	0.724778046811945	0.233428645697946	0.9722	0	0
Root672	1.23415537412676	0.649717514124294	0.226632882882883	0.9407	0	0
Root68	1.54178941166568	0.753026634382567	0.198933901918977	0.9131	0	0
Root682	1.38254355693965	0.696529459241324	0.202013108614232	0.875	0	0
Root685	1.26310916589513	0.641646489104116	0.224576271186441	0.9505	0	0
Root690	1.36082821311337	0.702986279257466	0.226645849596669	0.8942	0	0
Root695	1.47302415621581	0.746569814366425	0.214269168403984	0.9558	0	0
Root70	1.39702045282384	0.702986279257466	0.217423864203694	0.8722	0	0
Root700	1.35358976517128	0.698950766747377	0.21142578125	0.9542	0	0
Root708	1.48750105209999	0.741727199354318	0.21322505800464	0.9682	0	0
Root71	1.54178941166568	0.753026634382567	0.198976327575176	0.9131	0	0
Root710	1.31015907751873	0.669895076674738	0.204131824889326	0.922	0	0
Root720	1.35358976517128	0.689265536723164	0.195021694450788	0.922	0	0
Root73	1.47302415621581	0.744955609362389	0.20667263770712	0.97	0	0
Root74	1.49112027607104	0.750605326876513	0.199871050934881	0.9682	0	0
Root76	1.34635131722919	0.687651331719128	0.238455079764903	0.8942	0	0
Root77	1.36082821311337	0.703793381759483	0.221657346212506	0.9542	0	0
Root79	1.36444743708442	0.689265536723164	0.205387205387205	0.8711	0	0
Root81	1.25948994192408	0.64729620661824	0.231791907514451	0.8772	0	0
Root83	1.44045114047639	0.724778046811945	0.201616524472384	0.8866	0	0
Root85	1.32825519737396	0.677158999192897	0.218489583333333	0.8781	0	0
Root9	1.53093173975255	0.752219531880549	0.210336267208305	0.9131	0	0
Root901	1.20882080632943	0.641646489104116	0.234305923961096	0.8162	0	0
Root916	1.32463597340291	0.682001614205004	0.236893748247827	0.8937	0	0
Root918	1.26310916589513	0.644874899112187	0.229597701149425	0.8701	0	0
Root920	1.2848245097214	0.663438256658596	0.224467504096122	0.9252	0	0
Root930	1.26672838986617	0.638418079096045	0.219722222222222	0.865	0	0
Root935	1.21244003030048	0.644067796610169	0.233401579409184	0.8183	0	0
Root954	1.4802626041579	0.74818401937046	0.199698405859543	0.9682	0	0
Root96	1.34635131722919	0.687651331719128	0.238455079764903	0.8942	0	0
Root983	1.331874421345	0.688458434221146	0.235505245720596	0.8937	0	0
Soil522	1.40787812473697	0.70137207425343	0.22391136305076	0.9078	0	0
Soil531	1.41873579665011	0.727199354317998	0.2181598062954	0.9252	0	0
Soil535	1.27034761383722	0.640839386602098	0.212697562282347	0.8772	0	0
Soil538	1.40425890076593	0.70863599677159	0.180361544782251	0.8785	0	0
Soil724D2	1.3861627809107	0.700564971751412	0.205638474295191	0.8917	0	0
Soil728	1.31015907751873	0.665052461662631	0.218047102408044	0.8781	0	0
Soil729	1.27034761383722	0.650524616626312	0.213793103448276	0.8824	0	0
Soil736	1.35358976517128	0.682001614205004	0.197522206638616	0.8685	0	0
Soil745	1.41511657267907	0.713478611783697	0.210076045627376	0.9202	0	0
Soil748	1.2920629576635	0.648103309120258	0.216792656587473	0.8781	0	0
Soil750	1.38978200488174	0.689265536723164	0.207180980106744	0.8917	0	0
Soil756	1.25587071795303	0.64729620661824	0.223149693934335	0.8866	0	0
Soil761	1.34273209325814	0.668280871670702	0.209673335021524	0.8724	0	0
Soil762	1.3391128692871	0.672316384180791	0.224165769644779	0.8724	0	0
Soil763	1.27758606177931	0.642453591606134	0.234669811320755	0.8685	0	0
Soil764	1.33549364531605	0.673930589184827	0.214763374485597	0.8724	0	0
Soil766	1.35720898914233	0.686844229217111	0.210071587262404	0.8917	0	0
Soil768D1	1.41873579665011	0.719935431799839	0.207925407925408	0.9203	0	0
Soil772	1.31377830148977	0.665859564164649	0.247153984421809	0.8986	0	0
Soil773	1.36082821311337	0.693301049233253	0.229311265349706	0.8986	0	0
Soil774	1.25587071795303	0.641646489104116	0.221325167037862	0.879	0	0
Soil777	1.27758606177931	0.659402744148507	0.213930348258706	0.8809	0	0
Soil782	1.27396683780827	0.644067796610169	0.230436038117239	0.8685	0	0
Soil787	1.42597424459221	0.709443099273608	0.213245997088792	0.8917	0	0
Soil796	1.32463597340291	0.686844229217111	0.192839338318604	0.8778	0	0
Soil797	1.34635131722919	0.688458434221146	0.206188058979937	0.8778	0	0
Soil802	1.32463597340291	0.667473769168684	0.214082319440849	0.8781	0	0
Soil803	1.33549364531605	0.671509281678773	0.214212152420185	0.8781	0	0
Soil805	1.26672838986617	0.661016949152542	0.218866916087654	0.8809	0	0
Soil809	1.15453244676374	0.603712671509282	0.247272727272727	0.8903	0	0
Soil810	1.3391128692871	0.682808716707022	0.216036772216547	0.8781	0	0
Soil811	1.331874421345	0.677966101694915	0.218125162295508	0.8781	0	0
