Row	p_EC	sensitivity	precision	relation	genus	species
Leaf1	0.592744107724087	0.702823179791976	0.273252455228192	0.889	0	0
Leaf10	0.554153996544134	0.687964338781575	0.266015512783683	0.9091	0	0
Leaf100	0.602005734407276	0.722882615156018	0.263471432439751	0.9304	0	0
Leaf102	0.600462129960078	0.718424962852897	0.263775231860338	0.9304	0	0
Leaf104	0.614354569984861	0.735512630014859	0.257946847316311	0.9304	0	0
Leaf106	0.605092943301672	0.728083209509658	0.255807883059253	0.9277	0	0
Leaf108	0.597374921065682	0.722882615156018	0.26723427629772	0.9304	0	0
Leaf11	0.551066787649737	0.688707280832095	0.265692175408426	0.9058	0	0
Leaf111	0.618985383326456	0.741456166419019	0.259692948217538	0.9304	0	0
Leaf112	0.59891852551288	0.720653789004458	0.262943887232312	0.9304	0	0
Leaf113	0.603549338854474	0.724368499257058	0.25965379494008	0.9304	0	0
Leaf117	0.606636547748871	0.731054977711738	0.26080042406573	0.9304	0	0
Leaf119	0.605092943301672	0.734026745913819	0.249117498739284	0.9252	0	0
Leaf121	0.608180152196069	0.736255572065379	0.251586697131252	0.9252	0	0
Leaf122	0.611267361090465	0.737741456166419	0.254354508196721	0.9252	0	0
Leaf123	0.609723756643267	0.734026745913819	0.250697792438467	0.9252	0	0
Leaf125	0.612810965537663	0.734769687964339	0.25715028601144	0.9304	0	0
Leaf126	0.608180152196069	0.74591381872214	0.248330447687361	0.9019	0	0
Leaf127	0.656031890059211	0.765230312035661	0.234037718700295	0.9295	0	0
Leaf129	0.651401076717617	0.761515601783061	0.254975124378109	0.9295	0	0
Leaf13	0.742473739102307	0.846953937592868	0.26861451460886	0.9919	1	0
Leaf130	0.571133645463313	0.691679049034175	0.242574257425743	0.9158	0	0
Leaf131	0.615898174432059	0.739227340267459	0.249123685528292	0.9147	0	0
Leaf137	0.625159801115248	0.734026745913819	0.266810694031866	0.8889	0	0
Leaf139	0.575764458804908	0.700594353640416	0.235691077230692	0.9019	0	0
Leaf141	0.617441778879258	0.732540861812779	0.265196342119419	0.8889	0	0
Leaf145	0.631334218904041	0.737741456166419	0.260972404730618	0.8889	0	0
Leaf148	0.617441778879258	0.742199108469539	0.254263171290405	0.9147	0	0
Leaf15	0.68999118789757	0.792719167904903	0.238489047831918	0.9295	0	0
Leaf151	0.605092943301672	0.725854383358098	0.288115600117959	0.89	0	0
Leaf154	0.55724120543853	0.684992570579495	0.287855135810178	0.89	0	0
Leaf155	0.622072592220852	0.760772659732541	0.260493513100992	0.9396	0	0
Leaf159	0.595831316618484	0.702823179791976	0.271917217591262	0.89	0	0
Leaf16	0.558784809885728	0.691679049034175	0.26822241428983	0.9091	0	0
Leaf160	0.617441778879258	0.735512630014859	0.254957507082153	0.8886	0	0
Leaf161	0.57422085435771	0.686478454680535	0.288569643972517	0.89	0	0
Leaf164	0.524825512047369	0.654531946508172	0.290759075907591	0.8985	0	0
Leaf168	0.524825512047369	0.661961367013373	0.274660912453761	0.9314	0	0
Leaf17	0.535630743177756	0.670876671619614	0.267634854771784	0.8973	0	0
Leaf171	0.592744107724087	0.702823179791976	0.273489447817288	0.889	0	0
Leaf172	0.543348765413747	0.673848439821694	0.290798332798974	0.8945	0	0
Leaf176	0.55724120543853	0.679049034175334	0.272917288742908	0.8578	0	0
Leaf177	0.668380725636796	0.792719167904903	0.224773541183906	0.9033	0	0
Leaf179	0.5819388765937	0.704309063893016	0.28649138712602	0.89	0	0
Leaf180	0.456906916370651	0.584695393759287	0.294535928143713	0.8293	0	0
Leaf182	0.686903979003174	0.797176820208024	0.256391875746714	0.9662	0	0
Leaf183	0.547979578755341	0.676077265973254	0.275507114744172	0.89	0	0
Leaf185	0.572677249910511	0.702823179791976	0.270672389127325	0.8945	0	0
Leaf186	0.53254353428336	0.667904903417533	0.285306251983497	0.8945	0	0
Leaf187	0.594287712171285	0.706537890044577	0.302288620470439	0.9625	0	0
Leaf189	0.595831316618484	0.723625557206538	0.26891220320265	0.837	0	0
Leaf191	0.618985383326456	0.738484398216939	0.243031784841076	0.8886	0	0
Leaf194	0.554153996544134	0.682020802377415	0.268421052631579	0.8578	0	0
Leaf196	0.592744107724087	0.701337295690936	0.305304010349289	0.9625	0	0
Leaf198	0.580395272146502	0.721396731054978	0.259417579481699	0.9005	0	0
Leaf2	0.555697600991332	0.682763744427935	0.251849821869005	0.9151	0	0
Leaf20	0.57422085435771	0.719167904903418	0.254938109033447	0.9005	0	0
Leaf201	0.481604587525821	0.612927191679049	0.284974093264249	0.8274	0	0
Leaf202	0.618985383326456	0.75334323922734	0.259933350422968	0.9396	0	0
Leaf203	0.578851667699304	0.699851411589896	0.29622641509434	0.89	0	0
Leaf208	0.580395272146502	0.721396731054978	0.249871332990221	0.9005	0	0
Leaf210	0.568046436568917	0.690193164933135	0.282370820668693	0.8945	0	0
Leaf216	0.57422085435771	0.702823179791976	0.258611262985238	0.8561	0	0
Leaf22	0.560328414332926	0.695393759286776	0.26857962697274	0.9022	0	0
Leaf220	0.580395272146502	0.704309063893016	0.246618106139438	0.8903	0	0
Leaf222	0.612810965537663	0.726597325408618	0.264252904620373	0.8898	0	0
Leaf225	0.643683054481626	0.757057949479941	0.229194781826361	0.8996	0	0
Leaf226	0.572677249910511	0.713224368499257	0.257441673370877	0.9012	0	0
Leaf23	0.547979578755341	0.686478454680535	0.26589928057554	0.9058	0	0
Leaf230	0.569590041016115	0.715453194650817	0.261258817145958	0.9005	0	0
Leaf231	0.580395272146502	0.714710252600297	0.270833333333333	0.9016	0	0
Leaf233	0.656031890059211	0.764487369985141	0.223355762969394	0.8973	0	0
Leaf234	0.572677249910511	0.686478454680535	0.269702276707531	0.885	0	0
Leaf24	0.554153996544134	0.690936106983655	0.269956458635704	0.9058	0	0
Leaf242	0.578851667699304	0.720653789004458	0.261596548004315	0.9005	0	0
Leaf244	0.5819388765937	0.702080237741456	0.275269443635304	0.8945	0	0
Leaf245	0.5819388765937	0.702823179791976	0.268979243673585	0.8928	0	0
Leaf247	0.646770263376022	0.760029717682021	0.233989021043001	0.8996	0	0
Leaf25	0.544892369860945	0.673848439821694	0.2637394591451	0.9058	0	0
Leaf254	0.534087138730558	0.668647845468053	0.282929896259038	0.8945	0	0
Leaf257	0.578851667699304	0.717682020802377	0.270739910313901	0.9016	0	0
Leaf258	0.645226658928824	0.757800891530461	0.228750840995739	0.8996	0	0
Leaf26	0.558784809885728	0.687221396731055	0.230615806532037	0.9133	0	0
Leaf261	0.534087138730558	0.668647845468053	0.272562083585706	0.89	0	0
Leaf262	0.620528987773654	0.763744427934621	0.256359102244389	0.9396	0	0
Leaf263	0.544892369860945	0.674591381872214	0.292149292149292	0.8945	0	0
Leaf264	0.586569689935295	0.700594353640416	0.265708650324035	0.9018	0	0
Leaf265	0.64059584558723	0.765973254086181	0.216460214150745	0.8886	0	0
Leaf267	0.614354569984861	0.740713224368499	0.223242274966413	0.8903	0	0
Leaf272	0.5819388765937	0.702823179791976	0.265506595565535	0.8928	0	0
Leaf274	0.612810965537663	0.736255572065379	0.216896476253009	0.8886	0	0
Leaf278	0.662206307848004	0.775631500742942	0.229905307201057	0.8973	0	0
Leaf28	0.57422085435771	0.709509658246657	0.250590396221464	0.9005	0	0
Leaf280	0.520194698705775	0.656760772659733	0.279040404040404	0.9314	0	0
Leaf283	0.589656898829691	0.709509658246657	0.27418891759977	0.8945	0	0
Leaf285	0.597374921065682	0.731797919762258	0.261689691817216	0.8973	0	0
Leaf288	0.625159801115248	0.742199108469539	0.256944444444444	0.89	0	0
Leaf289	0.586569689935295	0.706537890044577	0.270247229326513	0.8928	0	0
Leaf29	0.558784809885728	0.691679049034175	0.26822241428983	0.9091	0	0
Leaf291	0.578851667699304	0.700594353640416	0.261799000555247	0.8928	0	0
Leaf294	0.572677249910511	0.702823179791976	0.270285714285714	0.8945	0	0
Leaf296	0.577308063252106	0.703566121842496	0.279681039574719	0.8987	0	0
Leaf299	0.566502832121719	0.693907875185735	0.283890577507599	0.8988	0	0
Leaf3	0.57422085435771	0.693907875185735	0.276086313922554	0.8939	0	0
Leaf30	0.568046436568917	0.708766716196137	0.256589564281872	0.9012	0	0
Leaf304	0.521738303152973	0.654531946508172	0.277567737870195	0.8945	0	0
Leaf306	0.612810965537663	0.74962852897474	0.25479797979798	0.9378	0	0
Leaf307	0.59891852551288	0.734026745913819	0.261306532663317	0.8973	0	0
Leaf311	0.618985383326456	0.7555720653789	0.257598784194529	0.9396	0	0
Leaf314	0.602005734407276	0.712481426448737	0.271517553793884	0.889	0	0
Leaf32	0.558784809885728	0.691679049034175	0.26822241428983	0.9091	0	0
Leaf320	0.580395272146502	0.692421991084695	0.288723667905824	0.89	0	0
Leaf321	0.615898174432059	0.75260029717682	0.255808080808081	0.9378	0	0
Leaf324	0.591200503276889	0.725854383358098	0.261789924973205	0.9295	0	0
Leaf325	0.580395272146502	0.695393759286776	0.265230943610088	0.9018	0	0
Leaf326	0.59891852551288	0.727340267459138	0.298112058465286	0.9064	0	0
Leaf33	0.517107489811378	0.666419019316493	0.268402154398564	0.9091	0	0
Leaf334	0.591200503276889	0.713967310549777	0.262424904423812	0.8814	0	0
Leaf335	0.572677249910511	0.694650817236256	0.278605482717521	0.8945	0	0
Leaf336	0.586569689935295	0.703566121842496	0.260809694299091	0.8984	0	0
Leaf337	0.642139450034428	0.74739970282318	0.248579194465036	0.885	0	0
Leaf339	0.549523183202539	0.684992570579495	0.2530881141916	0.8973	0	0
Leaf34	0.569590041016115	0.710252600297177	0.258658008658009	0.9012	0	0
Leaf341	0.605092943301672	0.74888558692422	0.270241286863271	0.9378	0	0
Leaf343	0.549523183202539	0.686478454680535	0.26377390807879	0.9012	0	0
Leaf344	0.605092943301672	0.734769687964339	0.257552083333333	0.93	0	0
Leaf347	0.544892369860945	0.663447251114413	0.26752546434991	0.89	0	0
Leaf351	0.521738303152973	0.638930163447251	0.276438444230151	0.89	0	0
Leaf354	0.602005734407276	0.728826151560178	0.228298813125436	0.8973	0	0
Leaf357	0.534087138730558	0.665676077265973	0.245210727969349	0.8993	0	0
Leaf359	0.447645289687462	0.579494799405646	0.284463894967177	0.8307	0	0
Leaf361	0.622072592220852	0.74962852897474	0.23652133145804	0.9198	0	0
Leaf363	0.534087138730558	0.671619613670134	0.273276904474002	0.9314	0	0
Leaf369	0.618985383326456	0.741456166419019	0.24112104373037	0.8907	0	0
Leaf371	0.617441778879258	0.761515601783061	0.257343710770776	0.9378	0	0
Leaf38	0.571133645463313	0.712481426448737	0.262595837897043	0.9012	0	0
Leaf380	0.632877823351239	0.757057949479941	0.244951923076923	0.8936	0	0
Leaf383	0.606636547748871	0.75334323922734	0.2704	0.9378	0	0
Leaf384	0.605092943301672	0.7518573551263	0.267937516547525	0.9378	0	0
Leaf386	0.646770263376022	0.780832095096582	0.237944306090106	0.9396	0	0
Leaf391	0.64831386782322	0.780832095096582	0.23767526006332	0.9396	0	0
Leaf394	0.486235400867415	0.610698365527489	0.28531759805623	0.8331	0	0
Leaf395	0.592744107724087	0.712481426448737	0.26302797586396	0.8814	0	0
Leaf396	0.64059584558723	0.774888558692422	0.218704130845041	0.9224	0	0
Leaf399	0.597374921065682	0.722139673105498	0.266301369863014	0.9304	0	0
Leaf400	0.583482481040898	0.698365527488856	0.229436172809373	0.8903	0	0
Leaf404	0.484691796420217	0.613670133729569	0.28992628992629	0.8331	0	0
Leaf405	0.512476676469784	0.640416047548291	0.273477157360406	0.8331	0	0
Leaf406	0.677642352319985	0.786032689450223	0.295036252091467	1	1	0
Leaf407	0.543348765413747	0.671619613670134	0.266117162201943	0.9058	0	0
Leaf41	0.555697600991332	0.682763744427935	0.278822815533981	0.8561	0	0
Leaf412	0.537174347624954	0.673105497771174	0.253497481813095	0.8973	0	0
Leaf414	0.495497027550604	0.603268945022288	0.279325765393877	0.9064	0	0
Leaf415	0.534087138730558	0.668647845468053	0.282929896259038	0.8945	0	0
Leaf416	0.493953423103406	0.603268945022288	0.278559176672384	0.9064	0	0
Leaf42	0.541805160966549	0.670876671619614	0.265979381443299	0.9058	0	0
Leaf420	0.547979578755341	0.682763744427935	0.267151162790698	0.9186	0	0
Leaf427	0.611267361090465	0.74665676077266	0.257099002302379	0.9278	0	0
Leaf434	0.680729561214381	0.778603268945022	0.243381328379006	0.9295	0	0
Leaf436	0.583482481040898	0.701337295690936	0.28693009118541	0.89	0	0
Leaf44	0.53254353428336	0.670133729569094	0.289845758354756	0.8945	0	0
Leaf443	0.608180152196069	0.734026745913819	0.264950388844194	0.9357	0	0
Leaf446	0.605092943301672	0.728083209509658	0.260707635009311	0.893	0	0
Leaf453	0.646770263376022	0.780089153046062	0.240109764463755	0.9396	0	0
Leaf454	0.602005734407276	0.737741456166419	0.254811393379523	0.9314	0	0
Leaf456	0.603549338854474	0.732540861812779	0.253275109170306	0.9252	0	0
Leaf459	0.493953423103406	0.603268945022288	0.278941944349021	0.9064	0	0
Leaf460	0.611267361090465	0.74665676077266	0.257164790174002	0.9278	0	0
Leaf465	0.622072592220852	0.742199108469539	0.262825572217837	0.9304	0	0
Leaf466	0.597374921065682	0.722139673105498	0.267179769103903	0.9304	0	0
Leaf469	0.600462129960078	0.720653789004458	0.262374898566405	0.9304	0	0
Leaf48	0.68227316566158	0.779346210995542	0.236208061247467	0.9295	0	0
Leaf49	0.6652935167424	0.777860326894502	0.284433577832111	1	1	0
Leaf5	0.554153996544134	0.690936106983655	0.269956458635704	0.9058	0	0
Leaf50	0.703883627922354	0.804606240713224	0.246809480401094	0.8949	0	0
Leaf51	0.688447583450372	0.794947994056464	0.248779353638689	0.8949	0	0
Leaf53	0.674555143425589	0.780832095096582	0.246713615023474	0.8968	0	0
Leaf58	0.6652935167424	0.763744427934621	0.241201313937119	0.9295	0	0
Leaf61	0.632877823351239	0.765230312035661	0.243326246161115	0.9019	0	0
Leaf62	0.558784809885728	0.690936106983655	0.269331016507385	0.9022	0	0
Leaf64	0.546435974308143	0.679791976225854	0.266453115899825	0.9145	0	0
Leaf67	0.55724120543853	0.690936106983655	0.264429911856696	0.9022	0	0
Leaf68	0.618985383326456	0.75334323922734	0.259933350422968	0.9396	0	0
Leaf69	0.632877823351239	0.736998514115899	0.26215644820296	0.8889	0	0
Leaf7	0.646770263376022	0.760029717682021	0.233989021043001	0.8996	0	0
Leaf70	0.575764458804908	0.698365527488856	0.269572698594781	0.9151	0	0
Leaf72	0.679185956767183	0.796433878157504	0.25725941924646	0.9505	0	0
Leaf75	0.747104552443902	0.849182763744428	0.271367521367521	1	0	1
Leaf76	0.618985383326456	0.738484398216939	0.243031784841076	0.8886	0	0
Leaf78	0.609723756643267	0.733283803863299	0.245217391304348	0.8903	0	0
Leaf8	0.530999929836162	0.668647845468053	0.286898310487727	0.8945	0	0
Leaf82	0.568046436568917	0.692421991084695	0.265754205873966	0.8346	0	0
Leaf83	0.645226658928824	0.75408618127786	0.240863787375415	0.9255	0	0
Leaf84	0.617441778879258	0.737741456166419	0.241959064327485	0.8886	0	0
Leaf85	0.606636547748871	0.728083209509658	0.256209150326797	0.9277	0	0
Leaf86	0.600462129960078	0.728083209509658	0.252968508002065	0.9277	0	0
Leaf87	0.600462129960078	0.722882615156018	0.262052248855373	0.9304	0	0
Leaf88	0.617441778879258	0.739970282317979	0.263910969793323	0.9304	0	0
Leaf89	0.620528987773654	0.741456166419019	0.259895833333333	0.9304	0	0
Leaf9	0.551066787649737	0.688707280832095	0.265692175408426	0.9058	0	0
Leaf90	0.605092943301672	0.733283803863299	0.255633255633256	0.9252	0	0
Leaf91	0.602005734407276	0.727340267459138	0.254153686396677	0.9277	0	0
Leaf92	0.608180152196069	0.738484398216939	0.25441515229076	0.9252	0	0
Leaf93	0.606636547748871	0.728826151560178	0.257412752558384	0.9277	0	0
Leaf94	0.622072592220852	0.742942050520059	0.261848651479445	0.9304	0	0
Leaf99	0.606636547748871	0.728826151560178	0.266648545800489	0.9304	0	0
Root100	0.625159801115248	0.74962852897474	0.247728946722318	0.9278	0	0
Root101	0.603549338854474	0.722139673105498	0.257483443708609	0.8945	0	0
Root102	0.660662703400806	0.781575037147103	0.240127824697558	0.9318	0	0
Root105	0.606636547748871	0.740713224368499	0.25983841542872	0.9279	0	0
Root107	0.657575494506409	0.782317979197623	0.222574508560558	0.8959	0	0
Root11	0.686903979003174	0.786775631500743	0.273008507347254	0.9837	1	0
Root112D2	0.569590041016115	0.684249628528975	0.271521226415094	0.8945	0	0
Root1203	0.659119098953607	0.791976225854383	0.246816392683492	0.9378	0	0
Root1204	0.643683054481626	0.780832095096582	0.23767526006332	0.9396	0	0
Root1212	0.617441778879258	0.7518573551263	0.249876543209877	0.9378	0	0
Root1217	0.622072592220852	0.736255572065379	0.234834123222749	0.8886	0	0
Root122	0.62361619666805	0.75482912332838	0.254700426171973	0.8954	0	0
Root1220	0.64059584558723	0.773402674591382	0.254461011977512	0.9378	0	0
Root1221	0.59891852551288	0.730312035661218	0.231185324553151	0.8845	0	0
Root1237	0.625159801115248	0.736255572065379	0.239371980676329	0.8887	0	0
Root1238	0.645226658928824	0.765230312035661	0.238757533611497	0.8845	0	0
Root123D2	0.558784809885728	0.690936106983655	0.23443408116965	0.9224	0	0
Root1240	0.632877823351239	0.765230312035661	0.256729810568295	0.9396	0	0
Root1252	0.652944681164815	0.787518573551263	0.230384698978483	0.9378	0	0
Root1257	0.620528987773654	0.758543833580981	0.234766613014486	0.8973	0	0
Root127	0.646770263376022	0.784546805349183	0.23021582733813	0.9378	0	0
Root1272	0.564959227674521	0.687221396731055	0.236512400920481	0.8887	0	0
Root1277	0.554153996544134	0.693164933135215	0.236862147753237	0.9302	0	0
Root1279	0.523281907600171	0.655274888558692	0.279644895370957	0.9314	0	0
Root1280	0.554153996544134	0.670876671619614	0.244252096294293	0.9154	0	0
Root1290	0.554153996544134	0.693164933135215	0.236681887366819	0.9302	0	0
Root1293	0.57422085435771	0.692421991084695	0.272514619883041	0.9018	0	0
Root1294	0.566502832121719	0.690193164933135	0.213367018833257	0.8979	0	0
Root1295	0.666837121189598	0.794947994056464	0.217214778725132	0.8996	0	0
Root1298	0.660662703400806	0.791976225854383	0.22909950569525	0.9378	0	0
Root1304	0.657575494506409	0.789747399702823	0.225355098579606	0.9026	0	0
Root131	0.686903979003174	0.786775631500743	0.273290322580645	0.9837	1	0
Root1310	0.685360374555976	0.807578008915305	0.212553773953852	0.8993	0	0
Root1312	0.660662703400806	0.791976225854383	0.22909950569525	0.9378	0	0
Root1319	0.645226658928824	0.774888558692422	0.232760544521312	0.8996	0	0
Root133	0.632877823351239	0.760772659732541	0.223874070835155	0.9019	0	0
Root1334	0.651401076717617	0.784546805349183	0.236453201970443	0.9396	0	0
Root135	0.662206307848004	0.782317979197623	0.206066536203522	0.8863	0	0
Root136	0.629790614456843	0.74962852897474	0.214043275350021	0.8872	0	0
Root137	0.585026085488097	0.704309063893016	0.262240663900415	0.8814	0	0
Root140	0.606636547748871	0.734026745913819	0.222372270988071	0.8942	0	0
Root142	0.651401076717617	0.786775631500743	0.227987082884822	0.9378	0	0
Root1423	0.504758654233793	0.636701337295691	0.265654060756355	0.9314	0	0
Root1433D1	0.569590041016115	0.682763744427935	0.27865372953305	0.89	0	0
Root1444	0.602005734407276	0.725111441307578	0.240571851121518	0.8889	0	0
Root1455	0.561872018780124	0.704309063893016	0.232068543451652	0.9233	0	0
Root1462	0.563415623227323	0.699108469539376	0.240234873627776	0.938	0	0
Root1464	0.603549338854474	0.719910846953938	0.268569844789357	0.8937	0	0
Root147	0.750191761338298	0.853640416047548	0.275671785028791	1	0	0
Root1471	0.605092943301672	0.730312035661218	0.258888596260205	0.9373	0	0
Root1472	0.568046436568917	0.715453194650817	0.226855123674912	0.9233	0	0
Root1480D1	0.622072592220852	0.757800891530461	0.244956772334294	0.9019	0	0
Root1485	0.632877823351239	0.760029717682021	0.224835164835165	0.9019	0	0
Root149	0.651401076717617	0.775631500742942	0.242115027829314	0.9378	0	0
Root1497	0.538717952072152	0.669390787518574	0.223462301587302	0.9072	0	0
Root151	0.605092943301672	0.727340267459138	0.224850711988976	0.8942	0	0
Root154	0.566502832121719	0.693907875185735	0.2253861003861	0.9072	0	0
Root157	0.603549338854474	0.728083209509658	0.271392965937413	0.9318	0	0
Root166	0.588113294382493	0.703566121842496	0.268728717366629	0.89	0	0
Root16D2	0.645226658928824	0.765230312035661	0.238591614547139	0.8845	0	0
Root170	0.609723756643267	0.728083209509658	0.231186600613352	0.903	0	0
Root172	0.649857472270419	0.777117384843982	0.234845083071397	0.9373	0	0
Root179	0.578851667699304	0.699108469539376	0.259729505934309	0.9151	0	0
Root180	0.583482481040898	0.701337295690936	0.277892257874595	0.89	0	0
Root181	0.618985383326456	0.74962852897474	0.257397959183673	0.8945	0	0
Root186	0.571133645463313	0.696136701337296	0.269330267318195	0.8346	0	0
Root187	0.651401076717617	0.776374442793462	0.228765323992995	0.8959	0	0
Root189	0.592744107724087	0.713224368499257	0.225616921269095	0.903	0	0
Root190	0.609723756643267	0.728826151560178	0.235251798561151	0.8914	0	0
Root198D2	0.62361619666805	0.760029717682021	0.245264924478542	0.9019	0	0
Root209	0.603549338854474	0.716939078751857	0.223276260990282	0.8903	0	0
Root214	0.564959227674521	0.691679049034175	0.224933558830635	0.9072	0	0
Root217	0.628247010009645	0.74665676077266	0.228929384965831	0.8903	0	0
Root219	0.629790614456843	0.74739970282318	0.229000682904621	0.8903	0	0
Root22	0.585026085488097	0.704309063893016	0.270547945205479	0.8865	0	0
Root224	0.620528987773654	0.758543833580981	0.234766613014486	0.8973	0	0
Root227	0.585026085488097	0.702823179791976	0.268673672252201	0.8984	0	0
Root231	0.652944681164815	0.787518573551263	0.230484888019135	0.9378	0	0
Root236	0.612810965537663	0.74591381872214	0.257965056526208	0.8928	0	0
Root239	0.753278970232694	0.854383358098068	0.277041676704409	1	1	0
Root240	0.609723756643267	0.739227340267459	0.239470517448857	0.8875	0	0
Root241	0.547979578755341	0.687221396731055	0.256588072122053	0.8973	0	0
Root258	0.652944681164815	0.787518573551263	0.230484888019135	0.9378	0	0
Root264	0.6652935167424	0.794205052005943	0.213203031511767	0.8993	0	0
Root265	0.637508636692833	0.765230312035661	0.206868849166499	0.8975	0	0
Root267	0.602005734407276	0.719910846953938	0.234681520949382	0.8903	0	0
Root268	0.617441778879258	0.7518573551263	0.249938256359595	0.9378	0	0
Root274	0.632877823351239	0.765230312035661	0.256729810568295	0.9396	0	0
Root275	0.605092943301672	0.721396731054978	0.236483195323916	0.8903	0	0
Root278	0.659119098953607	0.788261515601783	0.232471516213848	0.9378	0	0
Root280D1	0.577308063252106	0.689450222882615	0.286331379203949	0.89	0	0
Root29	0.645226658928824	0.765230312035661	0.238812891258984	0.8845	0	0
Root31	0.64831386782322	0.780832095096582	0.225488092683973	0.9378	0	0
Root318D1	0.622072592220852	0.739970282317979	0.22113676731794	0.8903	0	0
Root322	0.566502832121719	0.682020802377415	0.274029850746269	0.89	0	0
Root329	0.696165605686363	0.796433878157504	0.224220874294081	0.9295	0	0
Root332	0.549523183202539	0.671619613670134	0.297662166611788	0.9067	0	0
Root335	0.620528987773654	0.75037147102526	0.229024943310658	0.9019	0	0
Root336D2	0.62361619666805	0.760029717682021	0.244094488188976	0.9019	0	0
Root342	0.571133645463313	0.711738484398217	0.227715711908724	0.9274	0	0
Root343	0.572677249910511	0.712481426448737	0.228116079923882	0.9274	0	0
Root344	0.608180152196069	0.742942050520059	0.255362614913177	0.8928	0	0
Root351	0.631334218904041	0.7555720653789	0.224354731965586	0.9019	0	0
Root369	0.679185956767183	0.806092124814265	0.205065205065205	0.9024	0	0
Root381	0.625159801115248	0.75408618127786	0.253623188405797	0.93	0	0
Root4	0.585026085488097	0.699108469539376	0.278567199526347	0.8963	0	0
Root401	0.68999118789757	0.790490341753343	0.230004323389537	0.9295	0	0
Root402	0.592744107724087	0.711738484398217	0.235380835380835	0.8903	0	0
Root404	0.592744107724087	0.713967310549777	0.225428102275393	0.8845	0	0
Root405	0.611267361090465	0.728826151560178	0.240677134445535	0.8889	0	0
Root411	0.628247010009645	0.742942050520059	0.220945647370747	0.8903	0	0
Root413D1	0.605092943301672	0.742942050520059	0.260688216892596	0.9279	0	0
Root418	0.620528987773654	0.74962852897474	0.220498251748252	0.9019	0	0
Root420	0.568046436568917	0.693907875185735	0.274544385655497	0.8346	0	0
Root423	0.657575494506409	0.789747399702823	0.231489547038328	0.9378	0	0
Root431	0.64059584558723	0.774145616641902	0.236549375709421	0.9026	0	0
Root434	0.629790614456843	0.7481426448737	0.218485571707529	0.8903	0	0
Root436	0.586569689935295	0.715453194650817	0.274750356633381	0.9244	0	0
Root444D2	0.716232463499939	0.823179791976226	0.26113598868725	0.9344	0	0
Root456	0.611267361090465	0.731797919762258	0.260650965863985	0.8898	0	0
Root472D3	0.602005734407276	0.723625557206538	0.268171806167401	0.8914	0	0
Root473	0.609723756643267	0.739227340267459	0.222147800848404	0.8903	0	0
Root480	0.611267361090465	0.742199108469539	0.265620845519809	0.9151	0	0
Root482	0.635965032245635	0.761515601783061	0.255229083665339	0.9396	0	0
Root483D1	0.645226658928824	0.770430906389302	0.240714948932219	0.93	0	0
Root483D2	0.631334218904041	0.772659732540862	0.239410681399632	0.9396	0	0
Root485	0.588113294382493	0.711738484398217	0.264130135097877	0.8814	0	0
Root487D2Y	0.560328414332926	0.702823179791976	0.23334977799704	0.9233	0	0
Root491	0.643683054481626	0.778603268945022	0.261738261738262	0.9396	0	0
Root494	0.566502832121719	0.691679049034175	0.276425178147268	0.9107	0	0
Root495	0.577308063252106	0.705794947994057	0.265140943343567	0.8914	0	0
Root50	0.566502832121719	0.690193164933135	0.213122275751319	0.8979	0	0
Root52	0.673011538978391	0.790490341753343	0.280442804428044	0.9464	0	0
Root53	0.580395272146502	0.694650817236256	0.29551201011378	0.89	0	0
Root55	0.654488285612013	0.781575037147103	0.222598391874736	0.8996	0	0
Root552	0.605092943301672	0.730312035661218	0.262483311081442	0.9318	0	0
Root553	0.575764458804908	0.687964338781575	0.287220843672457	0.89	0	0
Root554	0.605092943301672	0.730312035661218	0.258888596260205	0.9373	0	0
Root558	0.657575494506409	0.789747399702823	0.229937270170885	0.9378	0	0
Root559	0.586569689935295	0.716196136701337	0.26965034965035	0.9107	0	0
Root561	0.585026085488097	0.703566121842496	0.257546913244493	0.9151	0	0
Root562	0.677642352319985	0.780832095096582	0.230431922823942	0.9295	0	0
Root563	0.603549338854474	0.721396731054978	0.259279038718291	0.8945	0	0
Root564	0.629790614456843	0.761515601783061	0.261479591836735	0.9396	0	0
Root565	0.615898174432059	0.732540861812779	0.231455399061033	0.903	0	0
Root568	0.600462129960078	0.715453194650817	0.235107421875	0.8903	0	0
Root569	0.696165605686363	0.796433878157504	0.23401004147566	0.9295	0	0
Root60	0.57422085435771	0.692421991084695	0.272514619883041	0.9018	0	0
Root604	0.575764458804908	0.706537890044577	0.265271966527197	0.9102	0	0
Root608	0.492409818656208	0.62332838038633	0.275805391190007	0.9314	0	0
Root61	0.578851667699304	0.695393759286776	0.25	0.89	0	0
Root614	0.626703405562446	0.75037147102526	0.236423220973783	0.8914	0	0
Root627	0.602005734407276	0.728826151560178	0.265997830802603	0.9151	0	0
Root63	0.668380725636796	0.795690936106984	0.217329545454545	0.8996	0	0
Root630	0.566502832121719	0.699108469539376	0.259729505934309	0.9147	0	0
Root635	0.57422085435771	0.703566121842496	0.268195978476352	0.9244	0	0
Root65	0.560328414332926	0.687221396731055	0.262485811577753	0.9147	0	0
Root651	0.646770263376022	0.780832095096582	0.249406739439962	0.9396	0	0
Root655	0.569590041016115	0.716939078751857	0.228889943074004	0.9233	0	0
Root656	0.563415623227323	0.708766716196137	0.226657163221668	0.9233	0	0
Root662	0.611267361090465	0.728826151560178	0.240913555992141	0.8889	0	0
Root667	0.586569689935295	0.716196136701337	0.267703415717856	0.9107	0	0
Root66D1	0.654488285612013	0.788261515601783	0.225026511134677	0.9026	0	0
Root670	0.618985383326456	0.7444279346211	0.260462698206395	0.93	0	0
Root672	0.514020280916982	0.651560178306092	0.246903153153153	0.9167	0	0
Root68	0.683816770108778	0.785289747399703	0.225373134328358	0.9295	0	0
Root682	0.626703405562446	0.75037147102526	0.236423220973783	0.8914	0	0
Root685	0.558784809885728	0.684992570579495	0.26045197740113	0.9265	0	0
Root690	0.602005734407276	0.734769687964339	0.257351027842831	0.9107	0	0
Root695	0.646770263376022	0.770430906389302	0.240213110956683	0.9318	0	0
Root70	0.586569689935295	0.709509658246657	0.238392411382926	0.8886	0	0
Root700	0.558784809885728	0.702823179791976	0.23095703125	0.9302	0	0
Root708	0.645226658928824	0.782317979197623	0.244315545243619	0.9378	0	0
Root71	0.683816770108778	0.785289747399703	0.225421198549797	0.9295	0	0
Root710	0.543348765413747	0.671619613670134	0.222331529758977	0.8979	0	0
Root720	0.569590041016115	0.692421991084695	0.212833980360813	0.8979	0	0
Root73	0.651401076717617	0.784546805349183	0.236453201970443	0.9396	0	0
Root74	0.660662703400806	0.791976225854383	0.22909950569525	0.9378	0	0
Root76	0.586569689935295	0.716196136701337	0.269801287433529	0.9107	0	0
Root77	0.554153996544134	0.693164933135215	0.237163192679207	0.9302	0	0
Root79	0.609723756643267	0.739970282317979	0.23953823953824	0.8875	0	0
Root81	0.600462129960078	0.711738484398217	0.276878612716763	0.8937	0	0
Root83	0.608180152196069	0.727340267459138	0.219802424786709	0.903	0	0
Root85	0.625159801115248	0.7518573551263	0.263541666666667	0.8945	0	0
Root9	0.680729561214381	0.785289747399703	0.238546603475513	0.9295	0	0
Root901	0.569590041016115	0.692421991084695	0.274683171234895	0.8326	0	0
Root916	0.572677249910511	0.702080237741456	0.264928511354079	0.9102	0	0
Root918	0.583482481040898	0.702080237741456	0.271551724137931	0.8865	0	0
Root920	0.6652935167424	0.777860326894502	0.28590933915893	1	1	0
Root930	0.586569689935295	0.706537890044577	0.264166666666667	0.8814	0	0
Root935	0.563415623227323	0.692421991084695	0.272594325826265	0.8346	0	0
Root954	0.657575494506409	0.790490341753343	0.229211546747092	0.9378	0	0
Root96	0.586569689935295	0.716196136701337	0.269801287433529	0.9107	0	0
Root983	0.583482481040898	0.710995542347697	0.264218663721701	0.9102	0	0
Soil522	0.68999118789757	0.806092124814265	0.279567121875805	0.9505	0	0
Soil531	0.757909783574289	0.857355126300149	0.279418886198547	1	0	1
Soil535	0.606636547748871	0.715453194650817	0.257969461559068	0.8937	0	0
Soil538	0.64831386782322	0.768202080237742	0.21240755957272	0.8949	0	0
Soil724D2	0.714688859052741	0.822436849925706	0.26226012793177	0.9344	0	0
Soil728	0.592744107724087	0.720653789004458	0.256681661815295	0.8945	0	0
Soil729	0.59891852551288	0.713224368499257	0.254641909814324	0.8988	0	0
Soil736	0.646770263376022	0.763744427934621	0.240299205236092	0.885	0	0
Soil745	0.745560947996703	0.849182763744428	0.271625475285171	0.992	1	0
Soil748	0.603549338854474	0.716939078751857	0.260529157667387	0.8945	0	0
Soil750	0.68999118789757	0.790490341753343	0.258127122755944	0.9344	0	0
Soil756	0.583482481040898	0.706537890044577	0.264607679465776	0.903	0	0
Soil761	0.649857472270419	0.75631500742942	0.257786781463662	0.8889	0	0
Soil762	0.64059584558723	0.7444279346211	0.269644779332616	0.8889	0	0
Soil763	0.591200503276889	0.697622585438336	0.276827830188679	0.885	0	0
Soil764	0.645226658928824	0.75482912332838	0.261316872427984	0.8889	0	0
Soil766	0.68227316566158	0.792719167904903	0.263391755122192	0.9344	0	0
Soil768D1	0.745560947996703	0.846953937592868	0.265734265734266	0.9921	1	0
Soil772	0.560328414332926	0.681277860326895	0.274715398442181	0.9151	0	0
Soil773	0.586569689935295	0.712481426448737	0.256006406833956	0.9151	0	0
Soil774	0.580395272146502	0.705052005943536	0.264198218262806	0.8954	0	0
Soil777	0.585026085488097	0.710995542347697	0.250589159465829	0.8973	0	0
Soil782	0.59891852551288	0.715453194650817	0.278082587352007	0.885	0	0
Soil787	0.713145254605542	0.820208023774146	0.26783114992722	0.9344	0	0
Soil796	0.602005734407276	0.731054977711738	0.222977566281441	0.8942	0	0
Soil797	0.602005734407276	0.727340267459138	0.236644911771815	0.8942	0	0
Soil802	0.615898174432059	0.730312035661218	0.254465441366813	0.8945	0	0
Soil803	0.618985383326456	0.739227340267459	0.256179196704428	0.8945	0	0
Soil805	0.580395272146502	0.707280832095097	0.254409406734367	0.8973	0	0
Soil809	0.547979578755341	0.671619613670134	0.298842975206612	0.9067	0	0
Soil810	0.618985383326456	0.7481426448737	0.257150153217569	0.8945	0	0
Soil811	0.622072592220852	0.74962852897474	0.262009867566866	0.8945	0	0
