M_1	M_2	M_3	M_4	M_5	M_6	M_7	M_8	M_9	M_10	M_11	M_12	M_13	M_14	M_15	M_16	M_17	M_18	M_19	M_20
43	28	51	29	31	46	36	32	43	32	26	37	43	34	37	31	52	40	51	42
35	28	53	28	32	37	34	26	49	31	24	45	43	34	35	30	51	39	47	41
33	34	49	37	33	48	42	18	39	33	24	44	45	39	44	39	51	43	57	51
31	28	50	30	32	51	35	27	42	31	26	47	43	35	26	33	53	40	59	52
31	30	51	30	31	53	42	29	47	33	25	46	48	25	37	32	52	42	73	43
35	27	50	20	32	45	35	25	40	30	29	51	40	33	36	30	41	38	54	39
30	29	49	28	32	37	32	26	47	32	31	44	41	33	37	30	48	38	47	39
31	28	49	27	31	46	34	24	49	29	25	52	43	32	26	31	43	61	48	41
30	27	48	28	29	45	34	24	44	31	18	45	57	34	37	31	47	38	51	39
30	28	58	29	39	50	35	31	38	39	26	37	42	34	36	36	41	38	53	45
41	31	51	28	32	41	34	29	42	32	25	43	55	34	36	31	49	43	38	39
31	35	62	31	42	55	35	18	44	32	31	45	42	34	38	32	50	43	50	47
34	29	61	30	33	37	34	28	40	31	25	46	54	34	40	37	47	40	51	48
28	28	56	31	40	45	23	27	44	34	30	47	43	38	35	32	53	40	51	46
22	28	48	28	32	45	34	27	45	31	37	45	48	33	35	31	51	41	48	41
33	29	49	37	34	56	35	32	31	33	26	54	43	42	37	37	68	40	50	41
29	28	48	28	33	54	23	26	39	31	30	42	47	33	37	31	46	38	46	48
32	28	49	30	31	48	35	28	41	39	26	46	43	35	39	31	52	40	38	51
35	34	48	28	30	45	32	18	40	32	24	44	40	38	35	29	50	43	47	39
32	28	51	30	32	48	35	27	46	33	18	45	57	35	37	31	50	40	51	41
35	28	56	20	33	49	41	26	44	32	26	47	43	34	45	31	42	39	57	47
33	30	51	30	33	47	41	28	31	33	30	47	43	47	44	32	52	40	50	41
34	29	48	38	30	48	32	26	40	23	23	45	41	39	34	30	51	38	47	39
30	28	48	29	26	43	33	24	44	45	24	46	42	34	38	31	50	38	55	39
41	29	50	30	35	37	36	27	47	33	27	46	44	34	37	31	53	40	51	41
32	29	48	30	32	50	23	29	44	34	27	46	43	40	36	31	49	40	50	41
36	33	49	31	32	50	36	18	46	31	25	47	48	34	37	29	53	40	53	41
30	30	51	30	34	46	36	28	46	33	26	46	60	35	37	33	40	40	51	41
37	29	50	30	42	46	36	27	43	33	26	45	44	35	37	31	40	41	51	45
38	28	50	36	30	47	34	25	44	31	31	44	43	34	36	22	46	44	51	42
40	28	48	38	30	45	33	27	44	30	25	37	41	35	46	30	44	39	49	39
30	33	48	36	31	48	32	26	46	46	18	46	41	33	36	30	49	39	47	52
29	41	48	36	34	45	33	25	43	31	30	44	41	33	35	30	49	33	51	42
31	20	50	30	34	48	41	25	46	32	26	55	43	35	37	32	54	38	57	42
36	29	55	37	34	52	41	33	47	32	31	44	40	33	36	35	53	39	38	39
36	28	50	28	33	49	43	27	43	32	26	45	40	35	37	22	44	40	50	41
29	27	49	28	31	40	33	28	44	30	24	37	45	33	35	30	48	41	78	39
34	27	54	27	29	45	35	28	42	30	23	45	41	32	37	29	40	38	55	55
29	29	50	29	32	48	39	26	55	31	25	44	40	33	35	30	48	39	51	32
22	32	62	42	30	45	33	26	41	30	26	44	41	42	34	29	45	38	47	39
30	29	36	48	31	54	33	26	43	37	24	43	44	33	39	34	50	45	48	39
36	29	49	30	33	50	34	32	44	23	25	46	54	34	37	31	49	43	50	40
34	29	58	30	34	48	37	27	46	32	18	58	42	35	37	32	48	40	51	41
22	30	59	33	34	49	38	26	40	33	24	45	41	40	36	33	46	41	57	45
30	30	56	28	31	46	36	25	39	31	25	44	29	33	34	29	51	46	48	51
33	36	57	29	33	45	33	32	39	38	32	45	40	25	43	42	49	39	53	44
22	28	55	29	31	50	33	30	41	31	26	45	40	35	36	42	41	38	47	39
43	28	51	31	40	46	23	32	44	31	26	45	43	36	37	37	49	41	52	39
33	28	48	28	32	46	34	26	41	30	24	48	39	38	35	31	40	39	59	44
35	28	49	28	42	54	41	18	42	30	31	46	40	33	45	30	47	41	48	39
34	28	55	31	33	48	35	26	40	31	25	44	46	34	38	40	40	39	49	48
40	30	49	28	33	52	36	26	44	32	25	45	40	37	46	30	50	33	48	57
34	27	48	20	31	47	32	26	40	29	24	45	42	34	34	29	50	46	47	43
22	29	55	32	45	48	36	26	40	32	27	46	45	34	36	32	44	39	53	40
30	27	53	30	33	53	35	27	31	30	27	46	49	35	37	32	50	58	48	43
30	29	51	30	26	48	36	27	40	34	26	47	42	35	37	32	51	40	51	54
35	28	58	34	33	51	34	29	44	33	26	54	29	34	36	31	45	40	57	47
39	28	56	31	42	63	42	25	31	38	31	47	42	34	43	38	51	42	48	42
33	28	50	30	32	49	35	26	45	32	26	47	44	36	37	31	50	59	51	32
30	28	49	28	30	45	34	25	43	41	24	45	43	33	36	32	51	33	52	42
36	34	54	31	33	47	36	31	44	33	18	44	45	33	39	32	46	41	57	49
39	27	48	27	31	45	33	25	40	23	27	46	42	40	37	29	45	38	50	40
31	28	53	37	39	49	35	28	45	33	27	46	51	47	37	37	52	40	59	32
30	28	51	30	46	49	36	27	47	34	26	46	42	34	37	32	50	40	51	32
32	27	50	30	32	46	34	27	44	34	18	46	57	33	35	31	51	38	51	41
29	28	54	42	31	50	35	26	43	30	18	47	41	35	37	32	43	40	55	39
32	29	61	32	33	53	40	28	40	31	26	37	44	38	39	32	43	40	62	46
28	28	48	30	30	45	36	29	50	23	26	45	39	35	37	31	46	40	49	39
30	29	48	28	32	37	39	25	49	31	24	44	42	32	45	31	48	38	61	39
36	28	55	30	33	63	34	28	43	32	26	44	43	35	26	32	51	40	50	47
31	28	47	27	34	47	35	27	40	23	24	44	54	39	36	29	49	38	47	38
28	27	50	28	33	48	41	29	39	30	25	43	59	25	36	31	49	39	49	58
29	28	61	28	35	45	33	25	44	32	18	52	40	33	36	32	52	38	48	41
33	30	54	28	31	45	34	32	40	38	23	37	41	33	37	36	51	38	54	47
30	28	62	29	30	52	46	25	42	31	24	37	42	34	36	34	46	39	47	48
31	29	49	28	31	46	33	27	50	30	28	45	29	35	37	29	46	38	48	39
22	28	48	32	32	44	34	24	44	45	25	43	40	33	37	30	44	40	48	39
32	26	61	32	30	46	37	25	42	34	18	48	40	38	37	31	49	38	45	46
28	28	51	20	36	51	38	26	48	31	24	51	42	36	39	29	53	45	48	39
44	28	49	20	35	49	34	27	43	31	27	47	42	34	45	32	46	42	50	40
34	33	54	30	32	43	34	27	43	32	25	37	41	34	35	30	48	39	55	39
35	28	48	28	31	42	33	25	41	32	24	44	46	40	35	31	52	40	38	39
34	27	53	31	29	51	34	18	47	30	24	46	43	34	38	31	45	45	52	46
35	31	52	30	35	48	34	26	45	38	32	46	44	25	39	42	55	42	55	45
33	28	48	29	32	44	33	27	49	39	24	47	46	33	35	36	68	48	55	32
33	28	52	27	26	43	34	26	44	45	25	44	44	34	37	30	52	39	54	43
31	28	55	36	35	46	35	24	45	29	31	44	52	34	36	22	43	39	48	49
42	29	51	20	32	40	35	25	46	32	27	47	45	33	35	32	52	38	48	41
30	29	51	29	33	47	32	18	40	31	25	54	40	33	35	30	43	39	49	46
43	28	58	30	45	47	36	29	47	33	28	45	44	25	38	33	49	42	49	41
32	34	51	30	41	48	36	28	46	32	32	45	51	47	44	36	57	40	51	32
34	32	52	28	33	47	32	25	40	30	23	46	41	32	34	31	40	39	59	39
33	29	61	36	33	47	42	28	44	32	18	45	41	35	42	32	45	41	51	42
33	30	52	29	26	45	35	35	43	32	25	46	41	33	35	29	49	39	55	40
33	28	49	37	34	51	34	26	31	31	25	46	43	40	39	31	50	40	67	39
36	28	52	20	34	41	35	30	46	45	26	45	46	34	38	32	47	40	48	42
35	29	60	31	38	37	35	26	47	31	28	51	42	35	36	31	50	46	47	40
31	28	52	30	33	49	23	26	47	34	26	46	53	35	37	37	51	40	50	45
31	33	36	30	30	47	36	24	50	34	30	46	54	35	45	31	50	38	59	42
35	27	51	31	31	46	34	18	40	31	26	45	46	34	35	29	48	39	58	47
