M_1	M_2	M_3	M_4	M_5	M_6	M_7	M_8	M_9	M_10	M_11	M_12	M_13	M_14	M_15	M_16	M_17	M_18	M_19	M_20	M_21	M_22	M_23	M_24
2.81	2.80999999999986	2.81	2.81	2.80999999999986	2.81	2.80999999999986	2.81	2.81	2.81	2.81	2.81	2.81	2.80999999999986	2.81	30.8092374209612	2.81	2.81	2.81	2.81	2.81	2.81	2.81	2.81
2.81	2.80999999999986	47.0502356583941	2.81	2.80999999999969	2.81	2.80999999999986	2.81	2.81	2.81	2.81	2.81	2.81	2.8099999999977	2.81	2.81	2.80999999999968	2.81	2.81	2.80999999999803	2.81	34.8129367984263	2.80999999999993	2.81
2.81	2.81	2.81	2.81	2.81000000000013	2.81	2.80999999999986	2.81	2.81	2.81	2.81	2.81	2.81	2.80999999999986	2.81	2.81	2.81	2.81	2.81	50.792199539877	2.81	2.81	2.81	2.81
2.81	67.2918645226059	2.81	2.81	2.80999999999986	2.81	2.80999999999986	2.81	2.81	2.81	2.81	2.81	2.81	2.80999999999986	2.80999999985701	2.81	2.81	2.81	2.81	2.81	2.81	2.81	2.81	2.81
2.81	2.80999999999986	2.81	2.81	2.80999999999986	2.81	2.80999999999986	2.81	2.81	2.81	2.81	2.81	2.81	2.80999999999986	2.81	2.81	2.81	30.6543822752429	2.81	2.81	2.81	2.81	2.81	2.81
2.81	2.80999999999874	2.81	2.81	2.80999999999986	2.81	2.80999999999986	2.81	2.81	2.81	2.81	2.81	2.81	2.80999999999986	2.80999999998671	2.81	2.81	2.81	2.81	2.81	33.6588997733941	2.81	2.81	2.80999999999287
2.81	2.80999999999986	2.81	2.81	2.80999999999986	2.81	2.80999999999986	2.81	2.81	2.81	2.81	2.81	2.81	2.80999999999986	30.2099730313395	2.81	2.81	2.81	2.81	2.81	2.81	2.80999999999966	2.81	2.81
2.81	2.80999999999986	2.81	2.81	2.80999999999986	2.81	2.81000000000006	2.81	2.80999999999968	2.81	2.81	31.2669428168981	2.81	2.80999999999986	2.80999999998671	2.81	2.81	2.81	2.81	2.81	2.81	2.81	2.81	2.81
2.81	2.81	2.80999999999969	2.81	2.80999999999986	2.81	2.80999999999986	2.81	2.81	2.81000000000015	2.81	2.81	2.81	2.81000000000013	2.81	2.81	2.80999999999968	30.6543822752429	2.81	2.81	2.81	2.81	2.81	2.81
2.81	2.80999999999986	2.80999999999876	2.81	2.81000000000024	2.81	2.80999999999986	2.81	2.81	2.81	2.81	2.81	2.81	2.80999999999986	2.80999999998671	2.81	2.81	2.81	2.81	2.81	2.81	2.81	17.795137328532	2.81
38.0121334807842	2.80999999999986	2.81	2.81	2.80999999999986	2.81	2.80999999999986	2.81	2.81	2.81	2.81	2.81	2.81	2.80999999999986	2.81	2.81	2.81	2.81	2.81	2.81	2.81	2.81	2.81	2.81
2.81	2.80999999999828	2.81	2.81	2.80999999999986	2.81	2.80999999999986	2.81	2.81	2.81	2.81	2.81	2.81	2.80999999999986	2.81	30.8092374209612	2.81	2.80999999999922	2.81	2.81	2.81	2.81	2.81	2.81
2.81	2.80999999999986	2.81000000000016	2.81	2.80999999999726	2.81000000008464	2.80999999955821	2.81	2.81	2.81000000000062	2.81	2.81	2.81	2.80999999999986	2.8100000000025	2.81	2.81	2.81	2.80999999999968	2.81000000000062	2.81	26.9736054208413	2.81	2.81
2.81000000000062	2.80999999999986	2.81	2.81	2.80999999999986	2.81	2.80999999999986	2.81	2.81	32.1996628261881	2.81	2.81	2.81	2.80999999999921	2.81	2.81	2.81	2.81	2.81	2.81	2.81	2.81	2.81	2.81
38.0121334807842	2.80999999999986	2.81	2.81	2.80999999999986	2.81	2.80999999999986	2.81	2.81	2.81	2.81	2.81	2.81	2.80999999999814	2.81	2.81	2.81	2.81	2.81	2.81	2.81	2.81	2.80999999999993	2.81
2.81	2.80999999999986	2.80999999999993	2.81	2.80999999999986	2.81	2.80999999999986	2.81	79.0077686509621	2.81	2.81	2.81	2.81	2.81	2.81	2.80999999999875	2.81	2.81	2.81	2.81	33.9136967076354	2.80999999999993	2.80999999999993	2.81
2.81	2.80999999999986	2.81	2.81	40.2781735031699	2.81	2.80999999999993	27.5334546378935	2.81	2.81	2.81	2.81	2.81	2.80999999999993	2.81	2.81	2.81	2.80999999999993	2.81	2.81	2.81	2.81	2.80999999999993	2.81
2.81	2.80999999955821	2.81	2.81	2.81000000000013	43.2674036817827	2.80999999999986	2.81000000008464	2.81	2.81	2.81	2.81	2.80999999999968	2.80999999999945	2.81	2.81	2.80999999999993	2.81	2.81	2.81	2.81	2.81	2.81	2.81
2.81	2.80999999999986	2.81	2.81	2.80999999999986	2.81	2.80999999999986	2.81	2.81	2.81	2.81	2.81	35.3017956982128	2.80999999999986	2.80999999998671	2.81	2.81000000000062	2.81	2.81	2.81	2.81	2.81	2.81	33.8000798618492
2.81	2.81	2.81	2.81	2.80999999999986	2.81	2.80999999999986	2.81	2.81	2.81	2.81	2.81	2.81	2.80999999999986	30.2099730313395	2.81	2.80999999999968	2.81	2.81	2.81	2.81	2.81	2.81	2.81
2.81	2.81	2.80999999999828	2.81	2.80999999999986	2.81	2.80999999999986	2.81	2.81	2.81	2.81	2.81	2.81	2.80999999999986	2.80999999998671	2.81	2.81	2.81	31.217702907066	2.81	2.81	2.8099999999993	2.81	2.80999999999922
2.81	2.81	2.81	32.4417133854347	2.80999999999986	2.81	2.80999999999986	2.81000000000155	2.81	2.81	2.81	2.81	2.81	2.80999999999986	2.81	2.81	2.80999999999993	2.80999999999968	2.81	2.81	2.80999999999993	2.81	2.80999999999993	2.81
2.81	2.80999999999986	2.81	2.80999999999921	2.80999999999986	2.81	2.80999999999986	2.81	2.80999999999734	2.81	2.81	31.2669428168981	2.81	2.81000000000015	2.80999999998671	2.81	2.80999999999828	2.81	2.81	2.81	2.81	2.81	2.81	2.81
2.81	2.80999999999986	2.81	2.81	2.80999999999986	2.81	2.80999999999986	2.80999999999993	2.81	2.81	2.81	2.81	2.81	2.81	2.81000000000109	2.81	30.8882761698285	2.81	2.81	2.8099999999964	2.81000000000015	2.80999999999921	2.80999999999993	2.81
2.81	2.80999999999986	2.80999999999993	2.81	2.80999999999968	2.81	2.80999999999986	2.81	2.81	32.1996628261881	2.81	2.81	2.81	2.80999999999986	2.81	2.81	2.81	2.80999999999993	2.81	2.81	2.81	2.81	2.80999999999993	2.81
2.81	2.80999999999986	2.80999999999993	2.80999999999828	2.80999999999986	2.81	2.80999999999993	2.80999999999993	2.81	2.81	2.81	2.81	32.0113657530076	2.80999999999993	2.80999999998671	2.81	2.80999999999968	2.80999999999993	2.81	2.81	2.80999999999993	2.80999999999993	2.80999999999993	2.81
38.0121334807842	2.80999999999986	2.81	2.81	2.80999999999986	2.81	2.80999999999986	2.80999999999993	2.81000000008464	2.80999999999986	2.81	2.81	2.81	2.8099999999989	2.80999999998671	2.81	2.80999999999993	2.81	2.81	2.81000000008464	2.80999999999993	2.80999999999969	2.81	2.81
2.81	2.81	2.81	2.81	2.80999999999968	2.81	2.80999999999986	2.81	2.81000000000015	2.81	2.81	2.81	2.80999999999968	2.80999999999986	2.80999999998671	2.81	2.81	2.81	2.81	2.81	2.81	26.9736054208413	2.81	2.81
2.81	2.80999999999986	2.80999999999993	2.81	2.80999999999986	2.81	2.81	2.80999999999993	2.81	2.81	2.81	2.81	2.81	70.8988214565448	2.80999999998671	2.80999999999993	2.80999999999993	2.80999999999993	2.81	2.81	2.80999999999993	2.81	2.80999999999993	2.81
2.81	2.80999999999986	2.81	2.81000000008464	2.80999999999986	2.81	51.1358545471459	2.81	2.80999999999867	2.81	2.81	2.81	2.81	2.80999999999986	2.81	2.81	2.81	2.81000000000006	2.81	2.81	2.81	2.81	2.80999999955821	2.81
2.81	67.2918645226059	2.81	2.81	2.81000000000013	2.81	2.80999999999986	2.81	2.81	2.81	2.81	2.81	2.81	2.80999999999986	2.81000000004715	2.81	2.80999999999993	2.80999999999993	2.81	2.81	2.80999999999993	2.80999999999993	2.80999999999993	2.81
2.81	2.80999999999986	2.80999999999993	2.81	85.4002046192928	2.81	2.80999999999986	2.80999999999993	2.81	2.81	2.81	2.81	2.81	2.80999999999986	2.80999999998671	2.81	2.81	2.80999999999993	2.81	2.81	2.80999999999993	2.80999999999993	2.80999999999993	2.81
2.80999999999968	2.80999999999986	2.80999999999993	2.81	2.81	43.2674036817827	2.80999999999986	2.80999999999993	2.81	2.81	2.81	2.81	2.81	2.80999999999986	2.81	2.81	2.80999999999993	2.81000000000015	2.81000000000014	2.81	2.80999999999993	2.80999999999993	2.80999999999993	2.81
2.81	2.80999999999986	2.81	2.81	2.80999999999986	2.81000000000002	2.80999999999986	2.81	2.81000000000062	2.81	2.81	2.81	2.81	2.81000000000015	2.81	2.81	2.81	2.81	2.80999999999968	2.80999999999875	33.6588997733941	2.81	2.81	2.81
2.81	2.81	2.80999999999993	2.80999999999968	2.80999999999986	2.81	2.81000000000016	2.81	2.81	2.80999999999995	2.81	2.81	2.81	2.81000000000013	2.81	2.81	30.8882761698285	2.80999999999993	2.81	2.81	2.81	2.80999999999968	2.81	2.81
38.0121334807842	2.81	2.81	2.81	2.80999999999593	2.81	2.80999999999986	2.81	2.81	2.81	2.81	2.81	2.81	2.80999999999986	2.81	2.81	2.81	2.81	2.81	2.81	2.81	2.81	2.81	2.81
2.81	2.81	2.81	2.81	2.80999999999986	2.81	2.80999999999986	2.8100000000013	2.81	32.1996628261881	2.81	2.81	2.81	2.81000000000013	2.80999999998671	2.81	2.80999999999968	2.81	2.81	2.81	2.81	2.80999999999999	2.81	2.81
2.80999999999968	2.81	47.0502356583941	2.81	2.80999999999986	2.81	2.80999999999986	2.81	2.81	2.81	2.81	2.81	2.80999999999968	2.80999999999986	2.81	2.81	2.81	2.81	2.81	2.81	2.81	2.80999999999949	2.81	2.81
2.81	2.80999999999993	2.80999999996173	2.81	2.80999999999986	2.81	2.80999999999993	2.81	2.81	2.81	2.81	2.81	2.81	2.80999999999993	2.80999999998671	2.81	2.81000000000015	2.80999999999993	2.81	2.81	2.80999999999993	26.9736054208413	2.80999999999993	2.81
2.81	2.80999999999986	2.81	2.81	2.80999999999986	2.81	2.80999999999986	2.81	2.81	2.81	2.81	2.81	2.81	2.81000000000013	2.81	2.81	2.81	2.80999999999828	2.81	50.792199539877	2.81	2.81	2.81	2.81
2.81	2.80999999999986	2.80999999999993	2.81	2.81000000000013	2.81	2.80999999999986	2.80999999999993	2.81	2.81	2.81	2.81	2.81	70.8988214565448	2.80999999998671	2.80999999999993	2.80999999999993	2.80999999999993	2.81	2.81	2.80999999999993	2.80999999999874	2.81	2.81
2.81	2.80999999999986	2.80999999999993	2.81	2.81	43.2674036817827	2.80999999999986	2.80999999999993	2.81	2.81	2.81	2.81	2.81	2.80999999999986	2.80999999999993	2.81	2.80999999999993	2.81	2.81	2.81	2.80999999999993	2.81	2.80999999999993	2.80999999999969
2.81	2.80999999999986	2.81	2.81	2.80999999999929	2.81	2.80999999999986	2.81	79.0077686509621	2.81	2.81	2.81	2.81	2.80999999999986	2.81	2.81	2.81	2.81	2.81	2.81	2.81	2.81	2.80999999999993	35.6261820185775
2.81	2.80999999999986	2.80999999999993	2.81	2.80999999999986	52.4019057701777	2.80999999999993	27.5334546378935	2.81	2.81	2.81	2.81	2.81	2.80999999999986	2.81	2.81	2.81	2.81	2.81	2.81	2.80999999999993	2.80999999999993	2.80999999999993	2.81
2.81	2.80999999999986	2.80999999999993	2.81	40.2781735031705	2.81	2.80999999999986	2.80999999999993	2.81	2.81	2.81	2.81	2.81	2.80999999999986	2.80999999998671	2.81	2.80999999999993	2.81	2.81	2.81	2.81	2.81	2.80999999999993	33.8000798618492
2.81	2.80999999999986	2.80999999999993	2.81	2.81	2.81	2.80999999999986	2.80999999999993	2.81	2.81	2.81	2.81	2.81	70.8988214565448	2.80999999999993	2.81	2.80999999999993	2.80999999999993	2.81	2.81	2.80999999999993	2.80999999999993	2.80999999999993	2.81
2.81	2.80999999999986	2.81	32.4417133854347	2.80999999999986	2.81	2.80999999999986	2.81	2.8099999999993	2.81	2.81	2.81	2.81	2.80999999999781	2.81	2.81	2.80999999999993	2.81	2.81	2.81	2.81	2.80999999999993	2.81	2.81
2.80999999999874	2.80999999999986	2.81	2.81	2.80999999999986	2.81	2.81000000000016	2.81	2.81	2.81	2.81	2.81	2.81	2.80999999999986	2.81	2.81	2.81	2.81	2.81	2.81	2.81	2.81	2.81	33.8000798618492
2.81	2.80999999999986	47.0502356583941	2.81	2.80999999999875	2.81	2.80999999999986	2.81	2.81	2.81	2.81	2.81	2.81	2.80999999999986	2.80999999998671	2.81	2.81	2.81	2.81	2.80999999999921	2.81	34.8129367984263	2.81	2.81
2.81	2.80999999999986	2.81	2.81	85.4002046192928	2.81	2.80999999999986	2.81	2.81	2.81	2.81	2.81	2.81	2.80999999999922	2.80999999998671	2.81	2.81	2.81	2.81	2.81	2.81	2.81	2.81	2.81
2.81	2.81	2.81	2.81	2.80999999999986	2.81	2.80999999999986	2.81	2.81000000000015	2.81	2.81	2.81	2.80999999999968	2.80999999999986	2.80999999998671	2.81	2.81	2.81	2.81	2.81	2.81	26.9736054208413	2.81	2.81000000000015
2.81	2.80999999999986	2.81	2.81	2.80999999999986	2.81	2.81000000000015	2.81	2.81	2.81	2.81	31.2669428168981	2.81	2.80999999999986	2.80999999998671	2.81000000000109	2.80999999999922	2.81	2.81	2.81	2.81	2.80999999999983	2.81	2.81
2.81	2.80999999999986	2.81	34.9799355175261	2.81	2.81	2.80999999999986	2.81	2.81	2.81	2.81	2.81	2.81	2.80999999999986	2.81	2.81	2.81	2.80999999999993	2.81	2.81	2.80999999999993	2.80999999999968	2.80999999999993	33.8000798618492
2.81	2.80999999999986	2.81	32.4417133854347	2.80999999999986	2.81	2.8100000000007	2.81	2.81	2.81	2.81	2.81	2.81	2.80999999999986	2.81	2.81	2.81	2.81	2.81	2.81	2.81	2.81	2.81	2.81
2.81	2.80999999999986	2.81	2.81	2.80999999999986	2.81	2.80999999999781	2.81	2.81	2.81	2.81	2.81	2.81	2.80999999999986	2.81	2.81	2.80999999999921	2.81	2.81	50.792199539877	2.81	2.81	2.81	2.81
2.81	67.2918645226059	2.80999999999993	2.81	2.80999999999986	2.81	2.80999999999986	2.80999999999993	2.81	2.81	2.81	2.81	2.81	2.80999999999993	2.81	2.81	2.81	2.81	2.81	2.81	2.80999999999993	2.81	2.80999999999993	2.81
2.81000000008464	2.80999999955821	2.80999999999993	2.81	2.80999999999961	2.81000000000018	2.80999999999986	2.81000000000033	2.81000000008464	2.81000000000033	2.81	31.2669428168981	2.81	2.80999999999986	2.80999999998671	2.81	2.81	2.80999999999993	2.81000000000018	2.81000000008464	2.80999999999968	2.81000000000018	2.81000000008464	2.81
2.81	67.2918645226059	2.81	2.81	2.80999999999986	2.81	2.80999999999986	2.81	2.81	2.81	2.81	2.81	2.81	2.80999999999986	2.81	2.81	2.80999999999993	2.80999999999828	2.81	2.81	2.81	2.80999999999993	2.80999999999993	2.81
2.81	2.80999999999986	2.81	2.81	2.81000000000013	2.81	2.80999999999986	27.5334546378935	2.81	2.81	2.81	2.81	2.81	2.80999999999986	2.81	2.81	2.81	2.81	34.2604053011168	2.81	2.81	2.81	2.81	2.81
2.81	2.80999999999986	2.80999999999993	32.4417133854347	2.80999999999986	2.81	2.80999999999986	2.80999999999993	2.81	2.81	2.81	2.81	2.81	2.80999999999986	2.81	2.81	2.81	2.81	2.81	2.81	2.80999999999993	2.80999999999993	2.80999999999993	2.81
2.81	2.80999999999986	2.81	2.81	2.80999999999845	2.81	2.80999999999986	2.81	2.81	2.80999999999986	2.81	2.81	2.81	2.80999999999986	2.81	2.81	2.81	2.80999999999993	2.81	2.81	2.81	2.81	17.795137328532	2.81
2.81	2.80999999999986	2.81	2.81	2.8100000000039	43.2674036817827	2.80999999999986	2.81	2.81	2.80999999999921	2.81	2.81	2.81	2.80999999999986	2.80999999998671	2.81	2.80999999999968	2.81	2.81	2.81	2.81	2.81	2.81	2.81
2.81	67.2918645226059	2.80999999999993	2.81	2.80999999999986	2.81	2.80999999999986	2.80999999999993	2.81	2.81	2.81	2.81	2.81	2.80999999999986	2.81	2.81	2.80999999999993	2.81	2.81	2.81	2.80999999999993	2.80999999999993	2.80999999999993	2.81
2.80999999999874	2.81	2.8099999999997	2.81	2.80999999999986	2.81	2.80999999999986	2.81	2.81	2.81	2.81	2.81	2.81	2.80999999999986	2.81	2.81	2.81	2.81	2.81	2.81	2.81	2.81	2.81	33.8000798618492
2.81	2.80999999999986	2.81	2.81	2.80999999999921	2.81	2.80999999999986	2.81	2.81	2.81	2.81	2.81	2.81	2.80999999999986	2.81	2.81000000000065	2.81	2.81	2.81000000000015	2.81	33.6588997733941	2.80999999999983	2.81	2.81
2.81	2.80999999999986	2.80999999999993	2.81	85.4002046192928	2.81	2.80999999999986	2.8099999999978	2.81	2.81	2.81	2.81	2.81	2.80999999999993	2.80999999998671	2.81	2.80999999999993	2.80999999999993	2.81	2.81	2.80999999999993	2.81	2.80999999999993	2.81
38.0121334807842	2.80999999999986	2.80999999999993	2.81	2.80999999999986	2.81	2.80999999999986	2.80999999999993	2.81	2.81	2.81	2.81	2.81	2.80999999999986	2.80999999998671	2.81	2.80999999999993	2.80999999999993	2.81	2.81	2.81	2.81	2.80999999999993	2.81
2.81	40.3921714069913	2.80999999999945	2.81	2.80999999999986	2.81	2.80999999999986	2.80999999999993	79.0077686509621	2.81	2.81	2.81	2.81	2.80999999999986	2.81	2.80999999999993	2.81	2.80999999999993	2.81	2.81	2.81	2.81	2.81	2.80999999999053
2.81	2.80999999999986	2.80999999999993	2.81	2.80999999999986	2.81	2.80999999999986	2.81	2.81	2.81	2.81	2.81	2.81	2.80999999999986	2.81	2.81	2.81	30.6543822752429	2.81	2.81	2.81	2.81	2.81	2.81
2.81	2.80999999999968	2.81	2.81	2.80999999999986	2.81	2.80999999999986	2.81	2.81	2.81	2.81	2.81	2.81	2.80999999999986	2.81	2.81	30.8882761698285	2.81	2.81	2.81	2.81	2.81	2.81	2.81
2.81	2.80999999999986	2.81	2.81	2.80999999999986	2.81	2.80999999999986	2.81	2.81	2.81	2.81	2.81	2.81	2.80999999999986	2.81	2.81	2.81	2.81	2.81	50.792199539877	2.81	2.81	2.81	2.80999999999968
2.81	2.80999999999986	2.81	2.81	2.80999999999986	2.81	2.80999999999986	2.81	2.81	2.81	2.81	2.81	2.81	2.80999999999664	2.81	2.81	2.81	2.81	2.81	50.792199539877	2.81	2.81	2.81	2.81
2.81	2.80999999999986	2.81	2.81	2.81	2.80999999999988	2.80999999999986	2.81	2.81	2.81	2.81	2.80999999999921	2.81	2.80999999999986	2.81	2.81	2.81	2.81	31.217702907066	2.81	2.81	2.81	2.81	2.81
2.81	2.80999999999986	2.81	2.81	2.80999999999913	2.81	2.80999999999986	2.81	2.81	2.81	2.81	2.81	2.81	2.81000000000013	2.80999999998671	2.81	2.81	2.81	31.217702907066	2.81	2.81	2.81	2.81	2.81
2.81	2.80999999999986	2.80999999999993	2.81	2.81000000000013	2.81	2.80999999999986	2.80999999999993	2.81	2.81	2.81	2.81	2.81	2.80999999999986	2.81000000001615	2.81	2.80999999999993	30.6543822752429	2.81	2.81	2.80999999999993	2.80999999999968	2.81	2.81
2.81	40.3921714069913	2.81	2.81	2.80999999999986	2.81	2.80999999999986	2.81	79.0077686509621	2.81	2.81	2.81	2.81	2.80999999999986	2.81	2.81	2.81	2.81	2.81	2.81	2.81	2.81	2.81	2.81
2.81	2.81000000008464	2.80999999999867	2.81	2.80999999999914	2.81	51.1358545471459	2.81	2.81	2.81000000008464	2.81	2.81	2.81000000008464	2.80999999999986	2.81	2.81	2.81	2.81000000008464	2.81	2.81	2.81	2.8100000000845	2.81000000008464	2.81000000008464
2.81	2.80999999999986	2.80999999999993	2.81	2.80999999999986	2.81	2.80999999999986	2.80999999999993	2.81	2.81	2.81	2.81	2.81	2.80999999999986	2.80999999999968	2.81	2.81	2.80999999999993	2.81	50.792199539877	2.80999999999993	2.81	2.80999999999993	2.81
2.81	2.80999999999986	47.0502356583941	2.81	2.80999999999986	2.81	2.80999999999986	2.80999999999993	2.81	2.81	2.81	2.80999999999814	2.81	2.80999999999993	2.81	2.81	2.80999999999993	2.80999999999993	2.81	40.2783589443863	2.80999999999993	2.80999999999993	2.81	2.81
38.0121334807842	2.80999999999986	2.80999999999993	2.81	2.81	2.81	2.80999999999986	2.81000000008464	2.81	2.81	2.81	2.81	2.81	2.80999999999993	2.80999999998671	2.80999999999993	2.80999999999993	2.80999999999993	2.81	2.81	2.81000000008464	2.80999999999993	2.80999999999993	2.81
2.81	2.80999999999986	2.81	2.81	2.80999999999986	2.81	2.80999999999986	2.81	2.81000000000062	2.81	2.81	2.81	2.81	2.80999999999986	2.80999999998671	2.81	2.81	2.81	2.81	50.792199539877	2.81	2.81	2.81	2.81
2.81	2.80999999999986	2.81000000000086	2.81	2.81	2.81	2.80999999999986	2.81	2.81	32.1996628261881	2.81	2.81	2.81	2.80999999999986	2.81	2.81	2.81	2.81	2.81	2.81	2.81	2.81	2.81	2.81
2.81	2.80999999999986	2.81	2.81000000000062	2.81000000000062	2.81000000000002	2.80999999999986	2.81	2.81	2.80999999999977	2.81	2.81	2.81	2.80999999999986	2.80999999998671	2.81	30.8882761698285	2.81	2.81	2.81	2.81	2.81000000000014	2.81	2.81
2.81	2.80999999999986	2.80999999999993	2.81	2.80999999999986	2.81	2.81000000000057	2.80999999999993	2.81	32.1996628261881	2.81	2.81	2.81	2.80999999999993	2.80999999998671	2.80999999999993	2.81	2.81	2.81	2.81	2.80999999999993	2.81	2.80999999999993	2.81
2.81	2.80999999999986	2.80999999999993	2.81	2.80999999999986	2.81	2.80999999999993	2.80999999999993	2.81	2.81	2.81	2.81	2.81	2.80999999999986	2.80999999998671	30.8092374209612	2.80999999999993	2.80999999999921	2.81	2.81	2.80999999999993	2.80999999999993	2.80999999999993	2.81
2.80999999999781	2.80999999999986	2.81	2.81	2.80999999999986	2.81	2.80999999999986	2.81	2.81	2.81	2.81	2.81	2.81	2.80999999999986	2.81	2.81	2.81	30.6543822752429	2.81	2.81	2.81	2.81	2.81	2.81
38.0121334807842	2.80999999999986	2.81	2.81	2.80999999999986	2.81	2.80999999999986	2.81	2.81	2.81	2.81	2.81	2.81	2.80999999999986	2.81	2.81	2.81	2.81	2.81	2.81	2.81	2.8099999999993	2.81	2.81
2.81	2.80999999999986	2.80999999999993	2.81	2.80999999999986	2.81	2.80999999999986	2.80999999999993	2.81	2.80999999999995	2.81	2.81	2.81	2.80999999999921	2.81	2.81	30.8882761698285	2.81	2.81	2.81	2.81	2.80999999999993	2.80999999999993	2.81000000000079
2.81	2.80999999999986	2.80999999999993	2.81	2.80999999999986	2.81	2.80999999999875	2.80999999999993	2.81	2.81	2.81	2.81	2.81	2.80999999999828	2.80999999998671	2.81	2.80999999999993	2.80999999999921	2.81	2.81	2.80999999999993	2.80999999999993	17.795137328532	2.81
2.81	2.80999999955821	2.81	2.81	2.80999999999986	2.8099999999993	51.1358545471459	2.81	2.81000000008464	2.81000000008464	2.81	2.81	2.81000000008464	2.81000000000118	2.80999999998671	2.81	2.81	2.80999999999633	2.81	2.81	2.81	2.81	2.81	2.81000000008464
2.81	2.80999999999986	2.80999999999993	2.81	2.80999999999986	2.81	2.80999999999993	2.80999999999993	2.81	2.81	2.81	2.81	2.81	2.80999999999986	2.80999999998671	2.81	2.80999999999993	30.6543822752429	2.81	2.81000000000062	2.80999999999993	2.81	2.81	2.81
2.81	2.81	2.81	2.81	2.80999999999828	2.81	2.80999999999986	2.81	2.81	2.81	2.81	2.81	2.81	2.80999999999986	2.81	2.81	2.81	2.81	2.81	50.792199539877	2.81	2.81	2.81	2.81
38.0121334807842	2.80999999999986	2.81	2.81	2.80999999999986	2.81	2.80999999999986	2.80999999999993	2.81	2.81	2.81	2.81	2.81	2.80999999999986	2.81	2.81	2.80999999999968	2.80999999999993	2.81	2.81	2.81	2.80999999999993	2.80999999999993	2.81
2.81	2.80999999999986	2.81	2.81	2.81	2.81	2.80999999999986	27.5334546378935	2.81	2.81	2.81	2.81	2.81	2.80999999999986	2.80999999999921	2.81	2.81	2.80999999999922	2.81	2.81	2.80999999999993	2.80999999999993	2.81	2.81
2.81	2.80999999999986	2.80999999999993	2.81	2.81	2.81	2.80999999999986	2.80999999999993	2.81	2.81	2.81	2.81	2.81	2.80999999999986	2.81	30.8092374209612	2.81000000000015	2.80999999999993	2.81	2.81000000000015	2.80999999999993	2.80999999999993	2.80999999999993	2.81
2.81	2.80999999999875	2.81	2.81	2.80999999999986	2.81	2.80999999999986	2.80999999999993	2.81	2.81	2.81	2.81	2.81	2.80999999999986	2.81	30.8092374209612	2.81	2.81	2.81	2.81	2.81	2.80999999999993	2.81	2.81
2.81	2.80999999999986	47.0502356583941	2.81	2.80999999999968	2.81	2.80999999999986	2.81	2.81	2.81	2.81	2.81	2.81	2.80999999999986	2.80999999999714	2.81	2.81	2.81	2.81	2.81	2.81	2.81	2.81000000000013	2.81
2.81	2.80999999955821	2.81000000008464	2.81000000008464	2.81000000008464	2.81	51.1358545471459	2.80999999999993	2.80999999999922	2.81000000008464	2.81	2.81	2.81000000008464	2.80999999999986	2.80999999998671	2.80999999919953	2.81	2.81000000008464	2.81	2.81	2.80999999999993	2.81000000008464	2.80999999955821	2.81000000008464
2.81	2.80999999999986	2.80999999999783	2.81	2.80999999999986	2.81	2.80999999999993	2.80999999999993	79.0077686509621	2.81	2.81	2.81	2.81	2.80999999999993	2.80999999998671	2.81	2.81	2.80999999999993	2.81	2.81	33.9136967076354	2.80999999999993	2.80999999999993	2.81
2.81	2.80999999999986	2.80999999999993	2.81	85.4002046192928	2.81	2.80999999999986	2.81	2.81	2.81	2.81	2.81	2.81	2.80999999999986	2.80999999998671	2.80999999999993	2.80999999999993	2.80999999999993	2.81	2.81	2.81	2.80999999999993	2.80999999999993	2.81
