CarveMe_mets	KBase_mets	AuReMe_mets	RAVEN_mets	consensus_mets	sums_mets
1381	1033	1327	2397	3971	6138
1430	1025	951	2443	3851	5849
1296	1101	481	2583	3750	5461
1321	1104	615	2563	3789	5603
1537	1097	732	2661	4070	6027
1510	1141	767	2673	4112	6091
1407	1107	730	2509	3832	5753
1401	1005	788	2431	3798	5625
1472	1121	822	2663	4000	6078
1352	1104	555	2578	3802	5589
1364	1119	597	2602	3845	5682
1347	1120	538	2623	3780	5628
1333	1112	655	2760	3964	5860
1481	1114	990	2739	4185	6324
1478	1114	509	2703	3982	5804
1327	1109	650	2732	3947	5818
1515	1095	915	2676	4089	6201
1535	1115	675	2794	4100	6119
1411	1227	623	3005	4209	6266
1463	1209	1205	2753	4301	6630
1424	1241	683	2905	4176	6253
1490	1108	1118	2676	4139	6392
1484	1015	585	2753	3961	5837
1430	1056	396	2571	3698	5453
1523	1015	923	2785	4185	6246
1242	1054	862	2562	3760	5720
1429	1082	995	2615	4028	6121
1486	1054	1119	2696	4139	6355
1560	1231	729	3042	4375	6562
1217	1043	930	2288	3582	5478
1328	984	832	2216	3645	5360
1521	1155	714	2717	4067	6107
1201	1061	1450	2367	3903	6079
1285	1022	685	2426	3589	5418
1518	1187	506	2678	4008	5889
1342	1045	1316	2181	3764	5884
1161	979	1253	2087	3616	5480
1333	895	778	2258	3483	5264
1386	985	904	2389	3809	5664
1230	1033	1325	2394	3861	5982
1167	995	590	2144	3261	4896
1302	914	767	2294	3531	5277
1708	1241	746	3259	4687	6954
1195	1026	1021	2231	3577	5473
1322	830	938	1848	3187	4938
1427	1155	462	2890	4057	5934
1321	1014	645	2287	3571	5267
1351	1066	728	2417	3733	5562
1305	976	1169	2187	3771	5637
1289	1075	1318	2161	3789	5843
1415	1015	993	2484	3927	5907
1440	1140	879	2838	4173	6297
1287	881	944	2380	3645	5492
1279	1070	756	2116	3456	5221
1433	1061	1191	2614	4167	6299
1459	985	776	2563	3921	5783
1456	1043	1318	2682	4294	6499
1280	877	273	2013	3047	4443
1343	1138	798	2690	3960	5969
1325	1009	1162	2154	3640	5650
1467	1045	940	2744	4205	6196
1317	1002	1096	2273	3712	5688
1286	978	450	2547	3595	5261
1404	1019	562	2431	3739	5416
1365	1123	799	2643	3937	5930
1387	1077	1647	2556	4271	6667
1369	1084	834	3152	4395	6439
1443	1063	885	2625	4074	6016
1244	998	1008	2426	3808	5676
1404	1051	1053	2592	4059	6100
1411	998	1071	2485	3917	5965
1247	1116	843	3262	4376	6468
1354	1047	1124	2386	3906	5911
1393	1019	685	2402	3767	5499
1444	1054	716	2598	3972	5812
1365	1012	697	2382	3706	5456
1071	977	851	2459	3582	5358
1326	1098	1196	3085	4387	6705
1454	1002	710	2412	3808	5578
1327	982	1550	2209	3965	6068
1201	1018	470	2491	3500	5180
1444	1078	825	3161	4470	6508
1318	1052	745	2844	4027	5959
1195	1036	706	2303	3565	5240
1579	1147	650	2759	4112	6135
1179	995	1148	2136	3620	5458
1375	1059	830	2440	3905	5704
1610	1245	824	3312	4739	6991
1570	1197	995	3082	4573	6844
1197	957	774	2500	3658	5428
1607	1224	832	3201	4620	6864
1413	1141	502	3201	4348	6257
1453	1061	1055	2670	4118	6239
1324	872	667	2213	3399	5076
1228	1019	1187	2420	3874	5854
1372	1039	929	2647	3977	5987
1379	1049	897	2678	4060	6003
1239	961	1118	2448	3802	5766
1429	1022	379	2426	3635	5256
1195	956	1343	2533	3922	6027
1351	1066	728	2421	3736	5566
1384	1053	1317	2331	4002	6085
1228	1041	828	2265	3592	5362
1294	1007	914	2365	3707	5580
1461	1057	1311	2615	4233	6444
1142	993	1165	2226	3581	5526
1512	1118	1076	2742	4230	6448
1158	1044	1197	2662	3923	6061
1361	1138	704	2734	3958	5937
1380	1034	1435	2444	4058	6293
1429	1022	1182	2426	3946	6059
1311	1043	718	2209	3512	5281
1522	1124	1013	2737	4214	6396
1355	1101	601	2537	3722	5594
1348	1017	857	2427	3810	5649
1305	1049	679	2289	3516	5322
1183	955	1538	2382	3865	6058
1231	1040	1132	2533	3895	5936
1203	1007	1124	2325	3680	5659
1175	1072	1160	2526	3924	5933
1385	1078	594	2792	3937	5849
1502	978	990	2596	4052	6066
1419	1043	932	2606	4032	6000
1501	1117	981	2567	4046	6166
1413	1011	834	2464	3862	5722
1272	1087	897	2675	3845	5931
1290	1015	519	2284	3533	5108
1100	1015	436	2137	3231	4688
1323	1094	956	3064	4367	6437
1374	997	1660	2592	4275	6623
1130	794	614	1881	2968	4419
1528	1161	621	2963	4268	6273
1229	923	1244	2320	3682	5716
1361	1079	1158	2868	4265	6466
1399	1132	857	2745	4032	6133
1418	1050	1249	2570	4139	6287
1354	1087	642	2876	4082	5959
1511	1132	845	2589	4023	6077
1375	1143	1306	2614	4147	6438
1565	1200	807	3049	4413	6621
1556	1200	723	3055	4406	6534
1284	886	1069	1988	3391	5227
1408	1053	906	2524	3958	5891
1546	1161	624	3347	4611	6678
1264	1102	814	2520	3750	5700
1499	1085	658	2847	4182	6089
1266	877	592	1970	3126	4705
1299	935	719	2178	3404	5131
1383	1191	1432	2428	4117	6434
1266	1006	1181	2382	3800	5835
1248	880	850	2257	3466	5235
1266	987	1270	2535	3978	6058
1108	934	743	2023	3129	4808
1327	982	1577	2209	3975	6095
1279	932	816	2033	3283	5060
1270	1009	704	2382	3611	5365
1424	1017	729	2381	3725	5551
1466	1133	734	2682	3975	6015
1481	1211	1442	2937	4507	7071
1200	1036	778	2212	3462	5226
1153	985	1165	2157	3642	5460
1340	1129	875	2543	3793	5887
1196	991	1126	2606	3868	5919
1437	1194	937	3018	4398	6586
1448	1123	895	2672	4045	6138
1470	1150	497	2694	4004	5811
1112	932	816	2031	3163	4891
1491	1132	732	2682	3998	6037
1488	1137	649	2632	3976	5906
1288	1103	523	2509	3681	5423
1441	1102	623	2586	3906	5752
1490	1208	676	3040	4299	6414
1345	1165	572	2512	3705	5594
1394	1019	630	2402	3755	5445
1757	1213	724	2985	4482	6679
1689	1193	894	2906	4383	6682
1661	1223	626	2910	4312	6420
1438	1200	1070	2915	4252	6623
1550	1147	856	2922	4301	6475
1282	1014	601	2393	3582	5290
1274	1017	722	2376	3620	5389
1417	1019	921	2446	3885	5803
1343	1138	806	2690	3958	5977
1346	1082	772	2612	3870	5812
1326	1098	1202	3085	4391	6711
1213	1010	672	2403	3485	5298
1313	1177	982	2887	4144	6359
1412	1251	611	2869	4117	6143
1440	1140	655	2838	4090	6073
1462	1148	866	2800	4195	6276
1160	979	1182	2185	3653	5506
1323	965	598	2427	3557	5313
1465	1140	814	2899	4185	6318
1448	1133	626	2854	4109	6061
1499	1129	605	2661	4003	5894
1343	1121	780	2701	3983	5945
1326	1113	355	2599	3710	5393
1357	1121	813	2612	3916	5903
1331	1127	918	2656	3966	6032
1401	1005	788	2431	3798	5625
1309	1110	726	2675	3938	5820
1483	1121	471	2680	3935	5755
1476	1108	649	2712	4023	5945
1486	1129	547	2655	3914	5817
1497	1129	601	2642	3955	5869
1447	1094	1227	2557	4128	6325
