CarveMe_rxns	KBase_rxns	AuReMe_rxns	RAVEN_rxns	consensus_rxns	sums_rxns
1793	976	912	1999	4106	5680
1826	971	622	1966	4053	5385
1738	1049	253	2153	3971	5193
1770	1048	358	2133	4035	5309
2023	1052	417	2264	4361	5756
1978	1094	427	2250	4396	5749
1835	1059	413	2134	4111	5441
1786	984	483	1964	3986	5217
1975	1093	531	2255	4380	5854
1822	1049	330	2155	4072	5356
1799	1058	340	2211	4108	5408
1784	1064	295	2221	4083	5364
1821	1112	363	2316	4269	5612
1980	1110	638	2305	4513	6033
1976	1109	288	2283	4350	5656
1819	1106	359	2306	4249	5590
2018	1069	573	2264	4433	5924
2021	1066	389	2351	4345	5827
1915	1195	358	2632	4565	6100
1956	1177	824	2377	4675	6334
1919	1292	394	2551	4567	6156
1981	1094	720	2228	4392	6023
1963	991	313	2289	4211	5556
1871	1014	227	2156	3949	5268
1993	993	594	2308	4409	5888
1649	1033	530	2155	3977	5367
1878	1060	624	2201	4255	5763
1968	1047	719	2253	4438	5987
2128	1227	425	2696	4846	6476
1582	998	577	1947	3768	5104
1666	925	531	1788	3694	4910
2021	1136	417	2309	4394	5883
1573	990	1022	1993	4015	5578
1676	1007	414	1949	3813	5046
2001	1135	272	2282	4337	5690
1745	987	913	1818	3942	5463
1465	893	816	1699	3616	4873
1704	847	474	1836	3639	4861
1736	930	549	1898	3889	5113
1612	976	909	1997	3949	5494
1481	912	352	1758	3355	4503
1676	882	528	1890	3744	4976
2295	1244	453	2797	5083	6789
1548	978	654	1902	3729	5082
1634	751	633	1473	3313	4491
1929	1186	257	2487	4401	5859
1669	954	406	1866	3698	4895
1713	1009	420	1985	3830	5127
1642	918	743	1774	3818	5077
1633	1070	939	1830	3995	5472
1841	982	654	2059	4143	5536
1928	1127	534	2380	4453	5969
1661	842	602	1940	3765	5045
1622	1066	469	1793	3700	4950
1841	1010	753	2134	4351	5738
1837	935	429	2084	4037	5285
1881	989	902	2171	4464	5943
1628	794	146	1614	3194	4182
1800	1127	489	2286	4218	5702
1734	978	756	1836	3862	5304
1864	999	554	2229	4347	5646
1689	951	680	1882	3863	5202
1683	948	228	2088	3759	4947
1810	972	335	1975	3950	5092
1832	1064	460	2195	4177	5551
1774	1038	1196	2146	4413	6154
1803	1047	509	2657	4587	6016
1857	999	546	2137	4255	5539
1641	982	628	1959	3979	5210
1813	1001	652	2109	4251	5575
1795	939	685	2037	4083	5456
1695	1123	505	2787	4603	6110
1717	993	719	1956	3978	5385
1801	991	412	1942	3960	5146
1842	1002	431	2110	4165	5385
1730	972	385	1977	3835	5064
1377	897	488	1991	3583	4753
1719	1068	811	2593	4571	6191
1832	982	424	1916	3994	5154
1661	921	1075	1790	4000	5447
1623	980	244	2028	3702	4875
1892	1045	500	2665	4677	6102
1734	1006	466	2285	4190	5491
1483	966	421	1848	3546	4718
2081	1154	378	2383	4505	5996
1493	914	741	1757	3663	4905
1716	989	509	2030	3986	5244
2202	1231	486	2809	5130	6728
2166	1171	630	2632	4945	6599
1538	881	442	2015	3700	4876
2157	1209	488	2692	4974	6546
1898	1144	293	2735	4667	6070
1870	1011	649	2153	4293	5683
1682	814	388	1792	3519	4676
1566	972	727	1998	3926	5263
1768	969	617	2199	4140	5553
1792	1025	614	2254	4250	5685
1574	894	689	1996	3845	5153
1821	1007	195	1949	3838	4972
1534	887	859	2035	3913	5315
1713	1008	420	1989	3835	5130
1758	994	900	1917	4113	5569
1577	980	501	1850	3661	4908
1698	958	614	1938	3831	5208
1883	1004	857	2137	4416	5881
1472	916	812	1763	3615	4963
1992	1082	728	2316	4491	6118
1497	971	838	2210	4022	5516
1799	1138	425	2316	4215	5678
1782	980	992	2036	4174	5790
1821	1007	763	1949	4154	5540
1691	982	423	1839	3683	4935
1997	1101	683	2335	4503	6116
1821	1085	333	2214	4057	5453
1723	969	523	2021	3935	5236
1695	1005	404	1907	3739	5011
1536	893	1130	1880	3931	5439
1605	1004	738	2113	4015	5460
1540	957	696	1921	3790	5114
1527	1013	785	2097	3956	5422
1887	1093	360	2387	4301	5727
1876	954	672	2091	4224	5593
1848	998	575	2110	4203	5531
1964	1080	624	2172	4352	5840
1801	959	497	1979	4003	5236
1722	1039	606	2275	4140	5642
1633	959	285	1903	3634	4780
1435	953	235	1744	3302	4367
1742	1030	587	2513	4472	5872
1760	941	1191	2096	4366	5988
1412	700	377	1519	3031	4008
2042	1160	388	2546	4660	6136
1563	859	820	1878	3774	5120
1769	1080	785	2420	4445	6054
1847	1119	523	2342	4297	5831
1845	1014	817	2086	4298	5762
1761	1100	384	2414	4291	5659
1973	1127	527	2192	4368	5819
1813	1135	878	2206	4407	6032
2077	1207	490	2614	4751	6388
2060	1207	411	2626	4740	6304
1627	803	750	1620	3517	4800
1817	1022	556	2104	4102	5499
2104	1161	371	2810	4925	6446
1678	1044	467	2141	3989	5330
2007	1037	394	2367	4434	5805
1620	802	341	1614	3284	4377
1672	895	463	1793	3614	4823
1815	1228	1048	2121	4447	6212
1673	992	761	1899	3982	5325
1622	851	529	1875	3639	4877
1630	945	853	2041	4048	5469
1418	846	454	1591	3234	4309
1661	921	1109	1790	4012	5481
1629	849	511	1598	3430	4587
1648	994	417	1898	3789	4957
1821	974	409	1956	3875	5160
1948	1105	463	2325	4351	5841
2053	1243	989	2535	4913	6820
1548	991	478	1912	3662	4929
1475	918	745	1749	3670	4887
1789	1100	566	2178	4114	5633
1560	935	745	2210	4036	5450
1929	1199	582	2585	4695	6295
1921	1078	590	2306	4396	5895
1971	1110	277	2270	4326	5628
1421	849	511	1595	3256	4376
1973	1104	462	2324	4377	5863
1987	1098	391	2247	4346	5723
1712	1045	283	2132	3970	5172
1883	1051	363	2161	4149	5458
2032	1242	384	2636	4717	6294
1707	1202	315	2153	3983	5377
1801	991	372	1942	3942	5106
2436	1257	393	2637	5018	6723
2378	1258	507	2607	4934	6750
2322	1279	382	2586	4894	6569
1951	1256	723	2530	4676	6460
2054	1126	510	2482	4576	6172
1662	970	374	1948	3790	4954
1648	971	422	1954	3720	4995
1815	976	613	1982	4076	5386
1800	1127	497	2286	4218	5710
1803	1049	454	2182	4100	5488
1719	1068	814	2593	4574	6194
1628	932	362	2009	3700	4931
1728	1143	651	2407	4305	5929
1883	1313	340	2556	4554	6092
1928	1127	378	2380	4376	5813
1974	1129	535	2319	4463	5957
1451	916	764	1766	3674	4897
1747	907	358	1989	3750	5001
1990	1168	490	2477	4559	6125
1938	1121	359	2385	4383	5803
1978	1074	348	2254	4296	5654
1806	1109	496	2276	4275	5687
1771	1059	178	2166	3969	5174
1836	1084	516	2229	4254	5665
1816	1089	576	2273	4306	5754
1786	984	483	1964	3986	5217
1787	1106	436	2252	4229	5581
1974	1110	253	2262	4301	5599
1973	1102	358	2286	4367	5719
1937	1074	291	2235	4216	5537
1981	1117	358	2264	4341	5720
1908	1065	855	2146	4404	5974
