M_1	M_2	M_3	M_4	M_5	M_6	M_7	M_8	M_9	M_10	M_11	M_12	M_13	M_14	M_15	M_16	M_17	M_18	M_19	M_20	M_21	M_22	M_23	M_24	M_25	M_26	M_27	M_28	M_29	M_30	M_31	M_32	M_33	M_34	M_35	M_36	M_37	M_38	M_39	M_40	M_41	M_42	M_43	M_44	M_45	M_46	M_47	M_48	M_49	M_50	M_51	M_52	M_53	M_54	M_55	M_56	M_57	M_58	M_59	M_60	M_61	M_62	M_63	M_64	M_65	M_66	M_67	M_68	M_69	M_70	M_71	M_72	M_73	M_74	M_75	M_76	M_77	M_78	M_79	M_80	M_81	M_82	M_83	M_84	M_85	M_86	M_87	M_88	M_89	M_90	M_91	M_92	M_93	M_94	M_95	M_96	M_97
58	53	63	53	59	64	63	53	55	54	46	51	60	72	55	49	51	48	47	49	58	62	59	59	59	74	63	61	43	44	66	57	43	53	77	57	64	68	57	42	56	43	54	54	47	52	49	54	70	55	54	55	46	39	48	46	70	71	53	60	78	39	70	77	66	59	48	83	65	69	45	53	44	68	63	55	71	56	54	59	52	57	79	48	38	43	62	44	33	50	49	57	53	67	54	73	50
56	50	66	49	51	72	52	51	54	56	48	56	63	67	51	49	49	43	44	49	56	59	60	55	67	76	62	60	44	47	64	54	41	47	81	52	63	71	58	43	57	46	59	52	47	47	39	53	69	53	52	53	46	39	47	46	69	70	53	60	84	40	67	74	58	56	47	78	60	71	43	49	45	68	59	59	62	54	50	57	53	62	75	42	38	42	61	43	43	48	45	56	50	75	50	73	54
55	52	65	49	56	66	60	53	53	56	49	58	54	64	49	46	50	49	45	46	58	59	58	55	66	76	62	57	43	51	60	52	41	45	82	56	53	70	50	44	52	46	58	53	47	51	44	53	69	54	51	53	50	38	47	46	69	68	53	67	77	41	65	74	65	50	47	77	56	68	50	52	43	68	59	57	67	54	53	57	52	59	75	48	33	42	63	42	35	49	43	53	52	79	54	77	54
55	53	57	52	55	76	61	49	53	55	51	53	54	64	48	48	52	48	46	50	56	58	60	53	66	70	61	56	43	49	64	57	41	45	77	55	62	70	57	35	59	46	55	55	47	47	42	54	70	53	52	54	46	39	53	44	61	66	53	64	76	41	71	72	65	56	47	72	62	71	50	52	41	67	60	60	60	50	54	56	52	64	75	48	36	44	62	40	39	58	49	57	54	81	52	74	54
55	52	63	52	56	71	59	50	55	55	56	55	60	64	48	48	52	54	46	53	64	50	57	55	67	73	60	58	50	46	63	57	39	53	79	51	55	67	57	43	57	40	57	54	47	51	46	52	62	52	52	53	51	38	46	46	69	66	53	69	76	40	67	67	62	59	43	78	63	71	44	52	41	67	60	62	59	50	55	60	52	63	84	47	36	44	60	41	43	44	44	55	50	81	53	73	54
55	52	64	49	57	84	56	53	55	56	49	52	56	64	55	52	52	39	50	51	63	60	54	53	66	79	61	58	41	50	63	52	39	52	85	50	62	71	58	42	49	44	54	53	47	48	44	53	68	50	52	51	48	38	53	44	67	64	47	63	87	42	69	76	65	60	43	80	58	67	39	49	39	67	60	59	60	55	58	47	55	63	75	45	35	44	62	43	41	44	45	55	52	78	51	74	54
58	52	68	52	58	59	61	50	54	55	50	55	58	64	55	48	53	41	56	52	59	59	57	58	67	73	63	57	45	47	62	51	41	53	76	52	61	72	50	45	49	47	60	55	52	48	49	52	71	52	47	53	46	39	46	44	67	71	53	63	89	40	66	78	65	55	44	81	59	67	43	52	44	71	63	61	57	55	54	58	54	56	77	49	32	44	63	44	35	58	44	55	54	76	52	68	50
54	58	64	52	51	76	63	51	55	58	50	56	46	65	53	50	52	48	49	47	59	58	59	55	62	79	65	64	42	50	67	57	38	53	84	47	61	69	57	43	54	47	57	55	43	51	48	52	61	52	50	52	49	47	47	45	70	65	53	62	70	39	70	77	61	60	48	79	65	71	43	56	39	67	63	60	65	48	52	55	50	65	80	46	32	44	62	41	41	50	45	56	56	70	53	72	55
56	56	65	51	58	71	60	50	55	54	54	55	60	65	54	48	52	48	48	45	63	62	57	53	64	72	62	60	42	47	58	57	41	54	79	52	59	68	59	41	53	45	59	55	52	51	48	51	69	51	50	54	44	38	52	47	67	71	53	65	78	40	70	78	65	60	43	79	62	69	49	52	40	67	60	53	59	53	52	54	50	63	86	48	35	44	63	38	43	48	44	57	52	78	57	72	59
59	51	66	51	60	73	63	55	59	56	57	54	58	68	58	45	54	45	55	50	58	62	60	58	67	71	59	61	50	44	61	57	43	49	83	48	62	72	50	45	57	44	58	53	50	50	46	59	71	53	54	53	45	39	49	45	61	71	53	62	78	41	70	77	66	58	48	81	61	69	44	51	36	71	63	60	58	50	54	58	52	67	77	47	36	43	62	44	40	50	48	58	56	78	53	69	54
55	49	58	51	59	63	67	51	56	56	46	54	59	65	55	47	52	49	46	50	58	59	58	53	67	76	60	55	44	49	61	57	42	51	80	51	55	71	50	41	55	43	57	55	45	49	52	53	69	46	40	53	44	38	47	45	65	70	49	71	85	40	70	73	61	60	47	80	50	72	48	52	45	67	56	60	62	44	54	58	52	55	77	44	32	44	63	43	36	57	45	55	53	66	54	78	54
58	53	63	50	50	74	61	49	56	56	57	56	61	71	58	50	51	47	46	49	61	59	59	55	67	75	62	61	48	49	59	47	44	57	81	52	64	72	50	44	55	47	58	53	46	52	48	59	70	43	47	53	46	39	55	47	70	69	53	72	87	41	65	74	60	58	48	76	65	69	50	55	36	71	63	60	65	54	52	58	52	63	91	49	38	43	62	42	41	51	47	57	56	73	54	72	57
58	59	60	53	56	71	63	50	50	56	49	55	60	65	52	49	52	48	46	51	59	59	57	55	66	74	64	60	43	49	66	59	43	51	77	51	62	70	56	48	55	46	46	53	45	52	44	52	69	50	54	52	44	40	47	45	69	71	53	64	77	35	69	62	65	57	47	79	58	69	46	53	41	65	60	62	56	54	53	47	49	57	84	44	35	42	62	42	39	47	41	57	50	82	50	77	53
46	52	61	48	51	73	59	47	56	55	49	54	56	66	53	45	52	51	45	49	56	55	57	53	66	73	63	55	47	50	51	58	44	52	81	51	59	71	50	43	53	46	58	53	51	49	34	53	70	51	52	52	46	38	47	46	69	65	53	63	80	40	75	64	65	58	46	79	58	70	48	52	45	67	57	64	61	50	55	51	52	65	74	43	36	44	62	43	36	48	45	50	52	78	53	69	52
55	59	64	50	56	70	61	48	54	56	49	55	62	69	55	47	52	49	49	48	61	57	58	54	64	79	62	58	45	50	48	53	43	57	81	52	57	78	50	45	54	44	47	53	51	51	50	54	69	46	52	56	44	38	53	44	67	63	55	70	82	38	73	74	65	55	47	79	62	69	45	51	43	67	60	56	62	54	54	56	52	60	76	47	37	44	64	40	38	47	46	50	51	78	58	72	54
58	60	70	49	58	66	63	51	55	56	50	59	60	67	58	50	52	48	49	51	59	62	59	58	67	75	60	62	45	49	51	57	43	55	80	50	61	72	57	46	57	43	58	55	46	48	46	54	70	52	54	54	44	40	54	46	67	71	47	68	65	44	69	77	66	55	48	80	59	69	46	55	46	68	60	60	65	40	56	59	53	63	79	44	36	44	61	44	38	49	49	57	56	70	51	68	54
55	57	61	50	59	78	61	52	53	56	46	56	52	64	54	49	53	49	45	54	54	60	58	52	64	75	60	60	45	52	62	57	42	52	82	52	58	71	58	41	55	47	59	55	47	46	47	53	60	47	45	55	46	38	46	43	69	70	51	61	83	38	69	72	65	53	43	80	64	63	48	49	45	67	56	62	67	54	56	56	49	65	74	48	37	42	63	43	41	42	43	55	52	78	50	71	54
59	53	63	52	58	84	60	50	55	55	57	57	61	71	58	50	51	48	48	51	58	53	55	53	64	74	63	61	43	48	60	59	46	49	84	52	63	72	58	46	54	47	56	55	52	52	49	59	70	57	54	55	45	47	47	47	70	67	49	68	75	44	74	77	65	61	48	83	65	71	46	53	41	68	60	60	61	56	54	58	52	66	76	49	36	43	63	43	43	51	45	58	54	78	59	63	58
55	51	61	51	58	72	60	50	54	53	56	58	60	63	53	50	47	36	44	51	58	59	57	55	67	78	66	60	43	47	62	45	43	52	78	55	52	70	50	43	55	44	56	55	47	52	48	53	70	57	53	56	46	45	45	44	66	70	50	65	80	39	71	75	65	56	47	79	57	69	49	52	41	68	50	55	63	48	52	53	53	59	73	48	34	39	64	40	41	43	43	57	52	82	57	72	55
58	53	59	51	64	65	63	48	54	56	49	54	47	65	53	50	51	48	47	51	59	62	59	58	67	73	67	60	43	48	66	57	43	44	75	52	63	63	57	42	55	42	40	52	51	48	52	53	70	41	45	53	46	46	47	46	69	69	53	53	69	42	74	76	66	60	48	84	65	69	46	53	41	68	61	57	65	56	52	58	52	65	76	48	37	44	62	42	41	57	45	57	54	80	50	75	56
55	52	63	56	58	65	62	56	55	55	50	55	61	67	51	47	51	48	51	55	58	62	59	58	67	79	63	55	43	49	63	57	36	49	76	54	62	70	57	46	57	39	56	53	47	48	48	53	69	53	54	54	44	38	55	46	69	70	53	66	81	40	51	76	67	61	48	79	65	69	43	54	41	69	57	62	66	45	52	55	52	62	78	49	35	41	61	42	40	49	44	58	54	73	53	69	52
55	59	65	50	56	74	52	52	52	56	49	56	62	68	55	49	52	49	46	50	63	50	59	55	66	73	60	61	44	51	60	58	42	54	83	55	61	71	59	41	51	46	56	55	47	51	46	60	69	54	52	53	50	42	46	45	63	68	53	62	77	40	71	75	63	56	43	78	64	69	50	54	45	67	60	61	62	54	54	57	51	68	78	44	36	42	64	38	41	58	46	56	50	77	60	73	56
55	59	64	50	57	60	61	51	54	55	49	55	60	66	48	49	50	49	51	48	58	59	53	55	66	77	63	59	43	46	57	57	40	57	78	52	62	71	58	36	54	46	60	55	47	48	50	53	69	53	52	51	44	38	47	46	69	67	53	60	77	40	69	72	65	59	47	79	55	69	46	54	39	67	60	61	59	54	54	57	52	55	77	46	31	44	62	43	42	56	42	56	53	78	57	74	55
55	52	65	51	59	68	61	50	51	56	49	58	63	66	55	49	52	49	48	53	55	60	61	55	65	79	64	59	50	49	64	57	42	49	81	55	63	70	51	40	55	46	53	52	47	50	48	53	69	54	52	54	49	42	48	44	69	67	54	63	89	40	68	72	65	54	47	81	53	71	50	50	35	67	50	62	56	54	53	60	53	63	77	46	37	39	64	43	40	53	44	58	52	67	48	68	55
55	59	63	49	56	71	61	51	54	55	46	56	56	61	54	45	53	49	45	52	63	59	59	55	66	76	62	60	43	47	61	58	40	47	79	40	63	69	59	42	54	46	58	55	48	51	48	59	64	54	52	56	50	45	47	46	69	68	53	61	81	39	73	74	66	58	47	80	58	67	48	52	41	68	59	60	66	54	54	57	53	61	73	45	32	44	64	42	37	47	45	55	52	78	57	71	54
55	53	69	49	56	74	64	53	56	56	49	56	62	63	56	45	52	47	52	52	58	59	52	53	64	76	62	60	43	49	57	47	43	51	80	51	63	71	58	41	55	45	59	55	51	52	50	53	69	50	45	53	50	40	54	46	69	68	53	59	77	39	66	77	65	55	47	82	57	71	50	52	43	67	61	50	62	49	54	56	52	64	76	45	38	42	63	38	42	47	45	59	52	78	53	74	56
55	52	64	51	57	80	61	53	54	54	54	58	63	64	52	52	50	48	47	51	60	60	58	55	67	79	63	59	48	50	59	58	41	57	79	53	62	71	57	41	54	46	58	54	47	48	48	53	59	54	52	53	46	45	53	45	66	63	53	64	85	38	70	76	65	57	47	79	64	70	43	54	40	67	60	60	61	53	55	58	53	63	66	46	36	44	61	42	43	48	44	56	53	79	48	71	54
46	52	57	45	53	70	60	52	54	56	49	59	54	61	53	48	52	49	45	49	55	55	60	53	67	79	59	55	43	48	60	58	40	49	77	56	63	69	57	41	56	46	61	53	47	45	47	52	70	50	51	54	46	39	45	45	69	67	54	63	86	39	69	71	66	59	47	79	60	68	48	50	41	67	56	60	67	52	51	57	52	65	75	44	36	44	60	42	38	47	42	57	52	78	51	71	51
55	59	65	50	59	74	62	49	54	57	49	54	52	66	55	48	53	39	47	43	63	60	57	53	66	73	59	61	42	46	57	57	41	54	81	53	63	70	57	41	53	44	56	54	45	52	48	52	69	54	54	53	49	42	53	45	71	66	48	58	66	38	75	62	67	55	47	82	57	69	48	55	41	67	60	62	66	53	57	54	52	68	74	48	37	44	64	42	34	50	44	54	52	76	52	75	54
55	52	65	46	55	74	59	52	54	56	49	58	63	66	55	46	50	51	51	46	61	63	58	55	67	79	65	58	45	51	62	57	39	54	78	53	54	70	58	41	53	46	49	54	51	50	46	60	70	51	49	52	48	45	48	45	69	70	50	65	77	44	70	79	66	57	43	82	60	71	46	51	45	62	60	59	63	54	57	54	50	64	89	45	38	46	62	43	36	60	44	50	52	78	51	70	54
58	60	64	52	62	75	63	51	55	49	49	55	59	64	48	50	53	38	48	54	59	58	59	55	57	74	61	55	48	48	59	57	46	54	76	52	61	70	57	41	55	47	58	52	52	49	52	54	69	57	55	57	46	39	54	47	69	71	53	66	79	40	67	63	67	59	47	84	62	71	50	54	42	68	60	62	59	56	53	59	53	62	87	46	36	41	64	44	39	52	45	56	54	82	56	80	56
57	52	64	50	58	75	60	50	47	55	49	56	60	63	53	46	50	42	47	51	48	59	59	55	67	71	63	57	41	50	59	58	42	57	81	56	63	70	57	39	55	44	57	53	47	50	45	53	72	54	50	52	46	38	51	45	69	70	51	56	87	38	70	68	65	58	47	83	55	69	46	49	41	67	60	53	62	52	57	59	52	63	66	46	34	44	64	42	41	56	44	55	52	78	58	70	54
55	52	59	49	56	85	60	51	55	56	46	54	59	64	55	52	52	49	49	49	59	60	57	55	66	70	65	58	43	51	64	58	42	57	83	55	61	71	58	36	58	45	60	53	51	49	40	53	69	50	52	53	47	47	46	44	64	65	54	70	71	43	69	76	65	54	47	80	58	68	49	52	39	67	60	60	57	47	54	56	52	61	81	48	36	44	63	40	35	48	45	56	54	77	54	74	57
55	48	62	49	57	83	60	50	54	55	49	55	60	66	53	47	52	51	51	51	61	60	57	55	66	78	62	58	46	48	64	45	40	48	77	51	59	70	50	37	55	44	57	54	52	48	38	52	70	52	53	53	46	39	47	46	67	68	53	61	84	40	70	63	65	57	42	72	59	70	46	54	42	67	60	55	60	44	55	56	52	62	66	48	38	41	63	39	43	47	45	56	52	77	57	71	55
55	52	63	50	58	73	61	51	48	55	46	53	58	64	53	50	51	49	48	50	60	55	57	53	62	78	62	56	43	48	61	45	42	52	77	49	63	70	57	39	54	44	58	52	51	51	48	53	58	36	54	55	42	38	48	44	67	70	53	67	78	37	70	76	65	62	48	84	53	69	46	53	46	68	60	60	59	53	52	58	53	53	78	48	36	44	64	41	43	57	44	56	52	67	54	72	56
56	52	63	50	55	71	60	51	54	55	49	56	60	65	52	47	52	43	48	51	56	59	60	55	67	70	62	58	45	48	53	60	38	49	79	52	61	74	57	38	57	44	56	54	47	46	40	52	70	54	52	52	45	39	48	44	70	66	51	61	86	39	72	75	65	60	47	79	64	71	46	50	36	67	60	60	59	54	52	56	53	64	85	48	36	44	64	41	43	57	44	55	53	76	56	72	55
50	52	61	49	52	63	67	52	59	57	48	56	50	64	51	49	52	49	49	51	56	60	58	55	66	69	62	59	45	49	60	57	35	54	77	55	63	71	52	34	55	46	40	55	47	49	50	54	69	37	52	56	46	38	54	42	69	70	53	61	84	41	70	63	66	59	47	79	64	67	50	53	45	67	60	60	61	50	54	57	52	67	85	43	30	44	64	43	40	52	45	56	52	80	57	77	59
55	59	61	52	57	56	61	50	56	56	49	57	63	70	55	49	52	49	48	52	57	59	58	55	64	79	62	59	36	52	61	57	42	54	81	56	63	71	59	43	53	46	45	53	47	47	49	53	63	54	52	52	49	38	55	45	64	68	53	70	85	35	56	76	66	59	50	79	57	71	50	54	45	67	60	62	61	50	54	58	52	66	77	45	31	44	60	43	40	58	45	60	54	77	50	71	54
55	52	64	49	56	76	60	51	54	55	49	56	48	64	53	48	52	41	47	51	59	60	58	55	63	78	61	60	43	51	59	49	39	45	77	47	63	69	57	40	53	43	40	53	51	49	34	53	70	53	44	53	44	44	46	45	69	70	53	63	87	41	70	75	65	59	45	80	57	68	46	53	46	67	60	60	60	53	52	56	53	66	81	49	36	43	55	41	40	58	45	57	52	78	54	70	54
58	49	64	47	50	79	64	53	54	57	49	54	46	60	55	49	50	47	48	46	58	51	58	55	66	69	64	59	51	47	62	57	36	54	79	52	55	68	50	41	53	43	50	55	51	49	48	54	69	52	47	53	44	38	49	42	61	61	53	69	68	41	68	73	65	52	47	79	64	71	50	52	45	67	55	60	57	54	53	54	52	62	75	46	35	42	64	42	41	48	45	55	52	80	56	72	59
54	59	67	49	53	79	60	51	54	55	49	59	57	64	58	48	52	46	51	51	59	60	57	58	65	76	64	56	51	47	63	57	45	54	81	57	60	67	57	46	55	41	58	44	47	50	47	59	69	57	53	53	46	37	54	44	67	71	54	62	88	40	69	75	66	57	45	82	65	68	48	53	46	70	59	60	59	50	52	55	47	65	68	45	36	38	63	42	41	47	44	56	53	79	52	77	56
55	59	61	50	57	71	60	51	53	54	49	53	52	64	50	48	52	40	48	47	60	53	56	55	66	77	63	59	43	47	60	57	43	54	79	54	55	68	58	41	54	46	57	49	47	52	50	52	64	51	53	53	50	39	47	46	69	70	53	60	76	46	61	76	65	56	47	79	56	69	51	49	45	68	56	60	55	54	52	57	52	44	75	46	37	42	64	43	41	46	39	55	52	79	54	70	56
58	53	62	56	55	72	60	54	54	55	48	57	61	72	58	50	50	48	48	48	58	58	59	55	66	75	65	58	42	49	60	55	41	54	72	57	64	72	50	38	55	44	60	55	51	52	49	54	71	52	52	54	46	41	46	46	68	70	53	62	77	38	66	77	66	51	48	81	57	69	52	50	44	69	60	60	57	52	53	58	53	66	76	44	36	44	64	44	41	61	44	56	54	86	50	62	57
55	59	63	50	56	68	60	50	54	56	49	57	59	67	54	47	52	47	46	54	53	59	58	56	66	72	61	59	44	47	54	55	41	54	76	52	63	71	58	41	53	46	57	44	47	48	50	52	69	54	46	53	44	39	49	46	68	68	53	62	72	41	71	76	66	54	47	82	58	69	46	52	45	67	60	61	67	54	52	52	52	66	74	46	30	42	62	43	36	49	35	55	52	75	55	78	55
58	52	66	47	60	71	58	53	55	56	49	58	55	65	50	52	53	46	50	49	58	57	58	53	65	73	64	59	42	50	54	57	43	54	69	57	55	68	57	43	54	46	59	56	47	48	47	52	69	49	54	49	46	39	53	44	65	70	50	70	66	38	64	76	65	57	47	82	58	69	48	52	45	67	60	61	57	43	53	59	52	61	81	42	35	44	64	40	41	58	46	55	52	77	53	69	54
55	53	66	52	52	75	63	51	56	56	50	56	55	60	50	46	51	48	46	48	59	58	59	58	67	78	64	62	43	47	60	55	45	53	82	52	64	69	57	48	53	48	56	49	52	48	48	59	70	47	43	54	46	48	46	46	71	68	53	64	90	39	70	77	65	49	48	68	59	71	46	49	46	68	63	60	65	52	54	59	50	49	77	45	38	44	64	44	42	47	50	58	54	74	50	74	54
56	52	67	51	58	73	60	51	54	55	50	52	60	64	51	50	52	48	46	51	56	59	57	55	66	73	63	59	42	42	56	56	39	57	75	51	63	72	50	43	54	46	58	55	51	49	38	53	66	57	49	53	44	45	51	45	69	67	53	64	78	40	69	70	65	58	48	79	61	69	46	53	41	67	63	60	66	50	54	52	52	66	75	46	36	44	64	44	39	58	49	54	53	78	54	72	52
55	52	66	56	60	76	63	51	54	55	50	59	46	66	55	50	53	47	48	51	58	64	59	54	59	75	62	59	38	50	62	48	40	50	82	55	64	70	57	41	52	48	58	50	51	48	38	55	70	49	50	55	46	46	52	46	67	71	50	71	86	40	66	77	61	57	48	79	62	69	49	53	46	68	63	60	58	56	50	46	48	60	82	46	36	43	64	42	38	48	44	56	54	82	58	79	54
58	57	64	52	59	75	62	52	55	56	47	56	50	61	50	45	51	50	50	55	59	59	59	55	66	72	65	60	46	44	67	51	39	53	70	52	62	67	57	45	55	44	57	47	43	48	38	52	70	57	55	53	44	43	48	48	68	71	47	61	79	41	67	78	61	60	48	83	58	69	50	54	39	68	57	57	65	55	52	53	51	61	67	48	36	40	61	44	35	59	50	57	53	73	52	72	52
56	52	61	51	56	59	59	51	54	56	49	58	58	67	53	50	53	48	48	52	55	60	58	55	58	78	66	59	42	47	60	57	41	57	80	51	63	70	59	40	56	45	58	50	48	48	44	59	71	53	52	53	46	38	47	45	69	70	53	55	88	35	73	76	66	56	44	79	57	71	45	54	42	65	60	60	60	53	52	56	51	63	84	48	37	44	63	42	40	47	44	56	52	81	50	71	55
