M_1	M_2	M_3	M_4	M_5	M_6	M_7	M_8	M_9	M_10	M_11	M_12	M_13	M_14	M_15	M_16	M_17	M_18	M_19	M_20	M_21	M_22	M_23	M_24
116.892643219008	245.497708218636	131.346862029574	232.2384675238	197.969619154232	157.045715908043	183.21376640611	167.565465962373	91.4274225816085	124.598466436986	162.59299353207	125.105217981605	127.921348391825	156.187878674301	54.2243753326243	85.4333800836922	160.591449137641	179.534469519785	121.658122751763	154.301135731449	145.089260167852	170.807868938951	97.5086829009376	193.142392930158
116.89357308701	245.390728838609	131.346862029574	232.2384675238	216.59282264349	156.906431053226	201.084077336201	167.565465962373	91.4274225816085	124.598466436986	146.982980375907	123.841994110273	127.921348391825	156.187878674301	54.2149077556762	85.4333800836922	159.573267690999	179.111026400376	125.628185594444	158.061773063826	145.911866984328	170.807868938951	97.5086829009376	193.142392930158
116.89357308701	245.497708218636	146.568884912461	232.2384675238	180.594550768103	156.906431053226	183.21376640611	178.443820594422	91.4274225816085	124.598466436986	146.971467881722	123.841994110273	127.86533969666	156.187878674301	70.3437214645775	85.4333800836922	160.591449137641	179.534469519785	125.628185594444	158.061773063826	145.376526464214	170.80786893895	97.5086829009376	193.142392930158
116.89357308701	245.388684653797	131.346862029574	232.2384675238	180.594550768103	157.045715908043	201.084077336201	182.588179112955	91.4274225816085	124.598466436986	146.950862690536	123.841994110273	127.921348391825	156.187878674301	70.3596961224385	85.4333800836922	173.330236351444	179.534469519785	121.665928459036	158.061773063826	145.089260167852	169.78394168972	97.5086829009376	193.026057915141
116.89357308701	245.497708218636	131.346862029574	232.2384675238	180.594488281063	174.559778974168	183.226025463559	167.565465962373	91.4274225816085	124.598466436986	147.002590403896	138.581406862552	127.921348391825	156.187878674301	54.2243753326243	85.4333800836922	174.94611596977	179.534469519785	121.665928459036	158.061773063826	161.007550381156	170.807868938951	97.5086829009376	193.142392930158
116.892643219008	245.388684653797	131.535423606004	232.2384675238	180.594488281063	157.045715908043	183.21376640611	167.565465962373	91.4274225816085	124.598466436986	147.002590403896	125.229303960312	127.921348391825	174.828169362611	77.895919988328	85.4333800836922	159.573267690999	179.534469519785	121.665928459036	172.600946939836	145.089260167852	170.807868938951	97.5086829009374	193.142392930158
116.892643219008	245.497708218636	146.568884912461	232.2384675238	180.594488281063	157.045715908043	183.21376640611	178.443820594422	91.4274225816085	124.598466436986	147.002590403896	136.896245328348	127.921348391825	156.1878786743	70.3437214645775	100.870642741217	160.591449137641	179.193099451719	121.665928459036	158.061773063826	145.089260167852	170.807868938951	98.884507829648	193.142392930158
116.89357308701	245.497708218636	131.346862029574	232.2384675238	216.59282264349	156.906431053226	183.21376640611	182.554743320715	91.4274225816085	124.598466436986	147.002590403896	138.581406862552	127.921348391825	156.187878674301	54.2243753326243	85.4333800836922	159.573267690999	179.193099451719	122.25422499339	176.967647263465	145.924357316434	169.765627495589	97.5086829009376	210.052226087102
116.89357308701	245.498849834805	145.486960172447	232.2384675238	180.594550768103	157.045715908043	183.212280571222	167.565465962373	107.973713994882	124.598466436986	147.014107774535	125.229303960312	127.921348391825	156.187878674301	54.2243753326243	85.4333800836922	160.591449137641	190.526788872411	121.665928459036	158.061773063826	144.969815745474	170.807868938951	97.5086829009374	193.142392930158
116.18875230151	245.495662251097	146.568884912461	232.2384675238	180.594550768103	156.906431053226	183.21376640611	182.36898495184	91.4274225816085	124.598466436986	162.557449565676	136.896245328348	143.967231813797	156.1878786743	54.2243753326243	100.857564779364	160.591449137641	179.193099451719	121.665928459036	158.061773063826	145.911866984328	186.497309204686	97.5086829009374	210.029159525145
116.188752301511	245.497708218636	170.665756498082	232.2384675238	180.594550768103	157.045715908043	183.21376640611	167.565465962373	107.907875207442	137.648398429795	147.002590403896	123.841994110273	143.967231813797	158.897776653483	70.3750765025405	100.870642741217	159.573267690999	179.193099451719	121.665928459036	158.061773063826	145.089260167852	185.293657430787	97.5086829009376	193.142392930158
116.89357308701	241.53006848985	131.346862029574	232.2384675238	180.594488281063	156.906431053226	183.21376640611	167.565465962373	107.967909310189	124.598466436986	147.014107774535	123.841994110273	127.921348391825	156.187878674301	54.2243753326243	85.4333800836922	160.591449137641	179.534469519785	133.019272958115	158.061773063826	145.089260167852	170.807868938951	97.5086829009374	193.11773412554
116.892643219008	245.497708218636	131.346862029574	232.2384675238	180.517967801041	157.045715908043	183.21376640611	167.565465962373	121.728484736557	124.598466436986	147.014107774535	123.841994110273	127.921348391825	156.187878674301	70.3596961224385	85.4319901773715	160.591449137641	195.236186057691	121.665928459036	154.241650965735	145.089260167852	170.807868938951	98.8323602413247	193.142392930158
116.188752301511	245.388684653797	131.346862029574	232.2384675238	180.594488281063	165.466941655749	183.212280571222	182.588179112955	91.4274225816085	124.598466436986	162.523031164549	123.841994110273	127.921348391825	172.245340408793	54.2243753326243	99.6810867944462	160.591449137641	179.534469519785	137.057401336385	158.061773063826	160.560153087103	186.350593342886	97.5086829009377	210.029159525145
116.89357308701	245.497708218636	131.346862029574	232.2384675238	180.594550768103	157.045715908043	183.21376640611	167.565465962373	107.973713994882	124.598466436986	147.014107774535	125.229303960312	127.921348391825	185.327298915822	54.2243753326243	85.4333800836922	160.591449137641	195.23618605769	137.720120926289	158.061773063826	145.089260167852	170.807868938951	97.5086829009376	210.052226087102
116.89357308701	245.497708218636	131.346862029574	232.2384675238	180.594550768103	174.559778974168	201.084077336201	182.504612586578	91.4274225816085	124.598466436986	162.523031164549	123.841994110273	127.921348391825	156.187878674301	70.3596961224385	85.4333800836922	160.591449137641	179.534469519785	121.658122751763	158.061773063826	145.089260167852	187.561666946272	97.5086829009376	193.142392930158
116.892643219008	245.497708218636	131.535423606003	232.2384675238	180.594550768103	156.906431053226	183.21376640611	178.443820594422	107.973713994882	124.598466436986	162.523031164549	123.841994110273	127.921348391825	156.138790605214	54.2243753326243	85.4333800836922	173.952184291277	179.534469519785	122.25422499339	154.301135731449	145.911866984328	186.425867246605	98.884507829648	193.142392930158
150.37731450514	245.497708218636	131.346862029574	232.186410046858	180.594550768103	157.045715908043	183.21376640611	167.565465962373	107.923517821234	124.598466436987	147.002590403896	123.841994110273	127.921348391825	156.187878674301	54.2243753326243	85.4333800836922	159.573267690998	195.236186057691	121.665928459036	158.061773063826	145.089260167852	170.80786893895	97.5086829009376	193.142392930158
116.89357308701	245.495662251097	131.346862029574	232.2384675238	216.59282264349	156.906431053226	183.21376640611	167.565465962373	91.4274225816085	137.778265289235	147.002590403896	136.896245328348	127.921348391825	156.1878786743	54.2243753326243	85.4333800836922	173.952184291277	179.534469519785	141.513590903842	176.967647263465	160.560153087104	170.807868938951	97.5086829009376	210.029159525145
116.892643219008	245.390728838609	131.346862029574	251.936711187612	180.515063338663	156.906431053226	201.084077336201	167.527411818333	107.973713994882	124.598466436986	147.002590403896	123.841994110273	127.921348391825	156.109413338001	54.2243753326243	85.4333800836922	160.591449137641	179.534469519785	125.628185594444	154.301135731449	145.38826092217	170.746692213571	97.5086829009374	193.142392930158
116.89357308701	245.497708218636	146.358771030752	232.2384675238	180.594550768103	174.559778974168	183.21376640611	167.565465962373	107.973713994882	124.598466436986	162.59299353207	123.841994110273	127.921348391825	156.187878674301	54.2280545482585	85.4333800836922	174.94611596977	179.534469519785	121.665928459036	158.061773063826	145.089260167852	186.350593342886	97.5086829009376	193.142392930158
116.89357308701	245.498849834805	146.358771030752	232.2384675238	180.515063338663	174.559778974168	183.21376640611	167.565465962373	91.4274225816085	124.598466436986	147.014107774535	123.841994110273	127.921348391825	156.187878674301	54.2243753326243	85.4333800836922	160.591449137641	179.534469519785	121.665928459036	158.061773063826	145.089260167852	170.80786893895	97.5086829009376	193.142392930158
116.89357308701	287.000838026023	131.346862029574	248.068637922502	180.594488281063	165.466941655749	183.21376640611	167.565465962373	107.967909310189	137.648398429796	162.59299353207	123.841994110273	127.921348391825	156.187878674301	54.2243753326243	85.4333800836922	160.591449137641	179.534469519785	121.665928459036	158.061773063826	145.089260167852	170.807868938951	97.5086829009374	193.142392930158
116.89357308701	245.497708218636	131.346862029574	232.2384675238	180.594550768103	156.906431053226	183.21376640611	167.565465962373	91.4274225816085	124.598466436986	147.002590403896	123.841994110273	127.921348391825	156.187878674301	54.2243753326243	100.867372932804	160.591449137641	179.534469519785	137.75008401786	158.061773063826	145.911866984328	170.807868938951	98.884507829648	203.634517621575
116.159754639875	245.497708218636	131.535423606003	248.068637922502	180.594550768103	165.467203715163	183.212280571222	178.443820594422	91.4274225816085	124.598466436986	147.014107774535	136.896245328348	127.921348391825	156.187878674301	70.3596961224385	85.4333800836922	173.952184291277	195.23618605769	122.25422499339	176.967647263465	145.911866984328	169.765627495589	97.5086829009376	210.029159525145
116.89357308701	245.497708218636	131.346862029574	232.2384675238	197.958450791765	165.481013241049	183.21376640611	167.565465962373	91.4274225816085	137.26026262632	147.002590403896	138.581406862553	143.967231813797	156.1878786743	70.3793738478146	85.4333800836922	174.94611596977	179.534469519785	121.665928459036	158.061773063826	161.468413777417	186.497309204686	97.5086829009376	193.142392930158
116.188752301511	245.496803848239	131.346862029574	232.2384675238	180.594488281063	156.906431053226	201.084077336201	167.726468429851	91.4274225816085	124.598466436986	162.544714499462	125.229303960312	127.921348391825	156.138790605214	54.2243753326243	85.4333800836922	160.592723226145	190.526788872411	121.658122751763	158.061773063826	161.919326826419	170.807868938951	97.5086829009376	193.142392930158
116.892643219008	245.497708218636	131.4804591254	232.2384675238	180.515063338663	165.467203715163	183.21376640611	167.565465962373	91.397349265274	124.598466436986	147.002590403896	123.841994110273	127.86533969666	156.187878674301	54.2243753326243	85.4333800836922	160.591449137641	190.526788872411	121.665928459036	172.600946939836	146.273213773889	170.807868938951	97.5086829009376	193.142392930158
116.892643219008	245.497708218636	131.346862029574	232.2384675238	180.594550768103	157.045715908043	183.21376640611	178.443820594422	91.4274225816085	124.598466436986	147.002590403896	123.841994110273	127.921348391825	158.897776653483	54.2243753326243	85.4333800836922	160.591449137641	179.534469519785	121.665928459036	172.600946939836	145.089260167852	170.80786893895	97.9747705402258	193.142392930158
116.892643219008	245.498849834805	131.346862029574	248.179874642998	197.969619154232	165.481013241049	183.21376640611	167.565465962373	91.4274225816085	137.260262626319	147.002590403896	138.581406862552	127.921348391825	156.187878674301	54.2243753326243	85.4333800836922	174.94611596977	179.534469519785	121.665928459036	158.061773063826	161.919326826419	186.497309204686	97.5086829009376	193.142392930158
116.89357308701	245.497708218636	131.346862029574	232.2384675238	180.594550768103	156.245353719303	183.21376640611	167.565465962373	107.973713994882	124.598466436986	147.002590403896	125.105217981605	127.921348391825	156.1878786743	54.2243753326243	85.4333800836922	160.591449137641	179.534469519785	121.658122751763	158.061773063826	146.284616473481	170.807868938951	97.5086829009374	193.163604894169
150.37731450514	245.390728838609	131.346862029574	232.2384675238	180.594488281063	157.045715908043	183.21376640611	167.511867139254	91.4274225816085	124.598466436986	147.014107774535	123.841994110273	127.921348391825	172.149825590536	54.2243753326243	84.7661169740623	160.591449137641	179.111026400376	122.25422499339	172.600946939836	145.089260167852	170.807868938951	98.8323602413245	193.142392930158
116.89357308701	245.495662251097	131.346862029574	232.2384675238	180.594488281063	165.466941655749	183.21376640611	182.36898495184	107.967909310189	137.648398429796	147.002590403896	125.105217981605	127.921348391825	156.1878786743	54.2243753326243	85.4333800836922	174.94611596977	195.555765417831	121.665928459036	158.061773063826	145.089260167852	185.293657430787	97.5086829009376	210.052226087102
116.89357308701	245.390728838609	131.346862029574	232.2384675238	180.594488281063	157.045715908043	183.21376640611	167.565465962373	107.973713994882	124.598466436987	158.720715466335	123.841994110273	127.921348391825	156.187878674301	54.2243753326243	85.4333800836922	159.573267690998	179.534469519785	121.665928459036	158.061773063826	145.089260167852	170.80786893895	98.884507829648	193.142392930158
150.37731450514	245.497708218636	131.346862029574	232.2384675238	180.594550768103	156.906431053226	183.21376640611	167.565465962373	91.4274225816085	137.648398429796	147.002590403896	123.841994110273	143.967231813796	172.245340408793	54.2243753326243	85.4333800836922	160.591449137641	179.534469519785	121.665928459036	158.061773063826	145.91186698433	170.807868938951	97.5086829009376	193.142392930158
116.892643219008	245.497708218636	131.346862029574	232.2384675238	180.594550768103	156.245353719303	183.21376640611	167.565465962373	91.4274225816085	124.598466436986	162.580252896299	136.864681117996	127.921348391825	156.1878786743	54.2243753326243	85.4333800836922	160.591449137641	179.534469519785	140.496179409507	172.610824456769	168.259645973975	186.350593342886	97.5086829009376	193.142392930158
116.892643219008	245.497708218636	146.358771030752	232.2384675238	180.594550768103	156.906431053226	183.212280571222	167.565465962373	91.4274225816085	124.598466436986	147.002590403896	138.581406862553	127.921348391825	174.964318523163	54.2243753326243	85.4333800836922	160.591449137641	179.534469519785	121.665928459036	154.30113573145	168.259645973975	170.807868938951	97.5086829009376	193.142392930158
116.89357308701	245.497708218636	131.346862029574	232.2384675238	180.517967801041	165.467203715163	183.21376640611	167.565465962373	91.4274225816085	124.598466436986	147.002590403896	123.841994110273	127.921348391825	158.897776653483	54.2025981972988	84.7350844647794	173.952184291277	179.534469519785	121.665928459037	158.061773063826	146.237758716588	170.807868938951	98.8323602413245	203.634517621575
116.89357308701	245.497708218636	131.346862029574	232.2384675238	180.594550768103	156.906431053226	183.21376640611	167.565465962373	91.3765891227999	137.778265289235	147.002590403896	123.841994110273	127.921348391825	156.187878674301	54.2243753326243	85.4333800836922	160.591449137641	179.534469519785	121.665928459036	172.610824456769	161.468413777417	169.80560230998	101.972523695938	193.142392930158
116.892643219008	245.497708218636	131.535423606003	251.936711187612	180.594550768103	156.906431053227	183.21376640611	167.565465962373	91.4274225816085	124.598466436987	146.982980375908	123.841994110273	127.921348391825	156.106810525576	54.2243753326243	85.4333800836922	160.591449137641	195.236186057691	121.665928459036	154.301135731449	145.911866984328	170.807868938951	97.5086829009376	193.142392930158
116.89357308701	245.497708218636	131.346862029574	232.2384675238	180.594550768103	156.906431053226	183.21376640611	167.565465962373	91.3765891227999	124.598466436986	147.002590403896	123.841994110273	127.921348391825	156.187878674301	54.2243753326243	100.872434516457	160.591449137641	179.534469519785	133.019272958115	158.061773063826	145.101610057582	170.826408708159	97.5086829009374	193.142392930158
116.89357308701	245.497708218636	131.535423606003	232.2384675238	180.594550768103	156.245353719303	183.21376640611	167.565465962373	91.4274225816085	124.598466436986	158.720715466335	123.841994110273	127.921348391825	172.149825590536	54.2243753326243	100.872434516457	159.573267690999	195.236186057691	122.25422499339	154.301135731449	145.911866984328	169.78394168972	97.5086829009374	193.142392930158
116.892643219008	245.498849834805	131.346862029574	232.2384675238	180.594488281063	156.906431053226	183.21376640611	167.565465962373	91.4274225816085	124.598466436986	147.002590403896	123.841994110273	127.921348391825	156.187878674301	54.2243753326243	99.6810867944462	160.591449137641	179.534469519785	121.665928459036	172.610824456769	161.919326826419	170.807868938951	97.5086829009376	193.142392930158
116.89357308701	245.497708218636	130.836283853158	232.2384675238	180.515063338663	165.467203715163	201.084077336201	182.588179112955	91.397349265274	124.598466436986	146.982980375908	123.841994110273	127.86533969666	156.187878674301	54.2149077556762	99.6810867944462	159.573267690999	179.111026400376	121.665928459036	154.241650965735	145.91186698433	169.705194940958	97.5086829009376	193.0718851377
116.89357308701	245.497708218636	131.346862029574	232.2384675238	180.594550768103	156.906431053226	183.21376640611	167.565465962373	121.728484736557	124.598466436986	147.002590403896	123.841994110273	143.967231813796	156.1878786743	54.2243753326243	85.4333800836922	160.591449137641	179.534469519785	121.665928459036	176.967647263465	145.911866984328	170.807868938951	97.5086829009376	193.142392930158
116.892643219008	245.498849834805	131.346862029574	248.179874642997	180.594550768103	156.906431053226	183.21376640611	167.565465962373	91.4274225816085	142.941506340567	147.002590403896	123.841994110273	127.921348391825	158.897776653483	54.2243753326243	100.875704653045	160.591449137641	179.534469519785	137.720120926289	158.061773063826	145.91186698433	169.765627495589	98.884507829648	193.142392930158
116.89357308701	245.497708218636	131.346862029574	232.2384675238	180.594550768103	156.906431053226	183.21376640611	167.565465962373	91.4274225816085	124.598466436986	162.544714499462	125.229303960312	127.921348391825	156.187878674301	54.2243753326243	100.867372932804	173.330236351444	195.236186057691	121.665928459036	158.061773063826	161.919326826419	170.80786893895	97.5086829009376	210.029159525145
116.18875230151	245.496803848239	146.358771030752	232.2384675238	180.594550768103	165.466941655749	183.21376640611	181.813971160785	121.728484736557	137.648398429796	147.002590403896	125.229303960312	143.967231813797	172.245340408792	54.2243753326243	85.4333800836922	160.591449137641	195.555765417831	137.720120926289	154.301135731449	145.089260167852	169.80560230998	97.5086829009376	193.142392930158
116.89357308701	245.498849834805	131.346862029574	232.2384675238	180.594488281063	156.906431053226	183.21376640611	167.565465962373	107.973713994882	124.598466436986	146.982980375908	125.105217981605	127.921348391825	156.187878674301	54.2243753326243	85.4333800836922	160.591449137641	179.534469519785	121.665928459036	158.061773063826	146.272736883581	170.80786893895	97.5086829009376	193.163604894169
116.18875230151	245.497708218636	131.346862029574	248.179874642998	180.594550768103	157.046794012094	183.21376640611	167.565465962373	107.907875207442	137.648398429796	147.002590403896	138.581406862552	143.967231813797	158.897776653483	54.2243753326243	85.4333800836922	160.591449137641	190.526788872411	121.665928459036	172.61082445677	145.089983611252	170.80786893895	97.5086829009373	193.142392930158
116.189638552421	245.498849834805	131.346862029574	232.2384675238	180.594488281063	156.906431053226	183.21376640611	182.36898495184	91.4274225816085	124.598466436986	147.002590403896	123.841994110273	143.967231813796	172.245340408792	54.2243753326243	85.4333800836922	160.591449137641	195.555765417831	133.019272958115	158.061773063826	145.089260167852	170.807868938951	97.5086829009376	193.142392930158
116.89357308701	245.497708218636	131.346862029574	232.2384675238	197.860229003581	156.906431053226	183.21376640611	167.565465962373	91.4274225816085	124.598466436986	147.002590403896	123.841994110273	127.921348391825	156.187878674301	54.2243753326243	85.4333800836922	173.330236351444	179.193099451719	122.25422499339	158.061773063826	145.911866984328	169.765627495589	97.5086829009374	193.142392930158
116.89357308701	245.497708218636	170.665756498082	232.2384675238	180.515063338663	157.045715908043	183.21376640611	167.527411818333	91.4274225816085	124.598466436986	147.014107774535	123.841994110273	127.921348391825	172.149825590537	54.2149077556762	85.4333800836922	159.573267690998	179.534469519785	121.665928459036	158.061773063826	145.089260167852	170.807868938951	98.884507829648	193.142392930158
116.89357308701	245.497708218636	131.535423606003	248.124243815601	180.594550768103	157.045715908043	183.21376640611	167.565465962373	91.4274225816085	124.598466436986	147.002590403896	123.841994110273	127.921348391825	185.327298915822	54.2243753326243	85.4333800836922	160.591449137641	195.236186057691	137.720120926289	172.610824456769	145.089260167852	185.293657430787	98.884507829648	193.142392930158
116.89357308701	245.497708218636	131.535423606003	251.936711187612	180.594550768103	157.045715908043	183.212280571222	167.565465962373	91.4274225816085	124.598466436986	162.523031164549	123.841994110273	127.921348391825	174.964318523163	54.2243753326243	85.4333800836922	159.573267690999	195.192411370682	121.665928459036	158.061773063826	145.089260167852	170.80786893895	98.8845078296481	193.142392930158
116.89357308701	245.497708218636	146.507638073833	251.936711187612	180.594550768103	156.906431053226	183.21376640611	167.565465962373	91.4274225816085	124.598466436986	147.002590403896	125.229303960312	127.921348391825	156.187878674301	54.2243753326243	85.4333800836922	160.591449137641	195.148656309069	121.665928459036	176.957264837189	145.911866984328	185.313849825847	98.8323602413247	193.142392930158
116.89357308701	245.497708218636	131.346862029574	232.2384675238	216.59282264349	157.045715908043	183.21376640611	167.565465962373	91.4274225816085	124.598466436986	147.014107774535	123.841994110273	127.921348391825	158.934699420555	54.2243753326243	102.034641486554	160.591449137641	179.534469519785	121.665928459036	158.061773063826	145.089260167852	169.765627495589	97.5086829009374	193.142392930158
116.89357308701	245.497708218636	146.568884912461	232.2384675238	180.594488281063	156.906431053226	183.21376640611	167.565465962373	91.4274225816085	124.598466436986	147.002590403896	125.229303960312	127.86533969666	156.1878786743	54.2243753326243	85.4333800836922	173.330236351444	179.534469519785	121.665928459036	158.061773063826	145.911866984328	170.807868938951	97.5086829009376	193.142392930158
116.18875230151	245.498849834805	131.346862029574	232.2384675238	180.594550768103	156.906431053226	183.21376640611	167.565465962373	91.4274225816085	124.598466436986	147.014107774535	125.229303960312	127.921348391825	156.187878674301	54.2243753326243	102.028969692875	159.573267690999	190.526788872411	122.25422499339	158.061773063826	145.911866984328	169.765627495589	98.884507829648	193.142392930158
116.188752301511	245.497708218636	146.358771030752	232.2384675238	180.594550768103	156.906431053226	183.21376640611	182.36898495184	121.728484736557	124.598466436986	147.002590403896	136.896245328348	143.967231813796	156.1878786743	70.3437214645775	85.4333800836922	174.94611596977	179.534469519785	137.057401336385	176.967647263465	161.818394020786	170.80786893895	97.5086829009374	193.142392930158
150.37731450514	245.498849834805	131.346862029574	232.2384675238	197.969619154232	157.045715908043	183.21376640611	167.511867139254	91.4274225816085	137.778265289235	147.002590403896	138.210824955399	127.921348391825	156.187878674301	54.2243753326243	85.4333800836922	160.591449137641	179.534469519785	121.665928459036	158.061773063826	145.089260167852	169.823934727427	98.884507829648	193.142392930158
116.892643219008	245.498849834805	131.535423606003	232.2384675238	180.594550768103	156.906431053226	187.867406846798	167.565465962373	91.4274225816085	124.598466436986	147.014107774535	123.841994110273	127.921348391825	156.187878674301	54.2243753326243	102.037822735708	159.573267690999	179.193099451719	121.665928459036	154.30113573145	145.91186698433	170.80786893895	98.884507829648	193.142392930158
116.89357308701	245.497708218636	131.346862029574	232.2384675238	180.594550768103	157.045715908043	183.21376640611	167.565465962373	91.4274225816085	124.57187159786	147.002590403896	125.105217981605	127.921348391825	172.149825590537	54.2243753326243	85.4333800836922	160.591449137641	179.534469519785	121.665928459036	158.061773063826	145.089260167852	169.78394168972	97.5086829009376	193.142392930158
116.89357308701	245.497708218636	131.346862029574	232.2384675238	180.594550768103	156.906431053226	183.21376640611	178.443820594422	91.4274225816085	124.598466436986	147.014107774535	123.841994110273	143.967231813796	156.187878674301	54.2243753326243	100.869001604893	160.591449137641	179.534469519785	141.452003896373	158.061773063826	145.089260167852	170.807868938951	97.5086829009376	193.142392930158
116.89357308701	245.498849834805	131.346862029574	232.2384675238	216.59282264349	156.245353719303	201.084077336201	167.565465962373	91.3765891227999	124.598466436986	147.002590403896	123.841994110273	127.921348391825	156.1878786743	54.2243753326243	85.4333800836922	160.591449137641	179.152053526231	121.665928459036	158.061773063826	145.924357316434	170.80786893895	97.5086829009376	193.163604894169
116.892643219008	245.497708218636	131.346862029574	232.2384675238	180.594550768103	156.245353719303	201.084077336201	167.565465962373	91.4274225816085	124.598466436986	147.002590403896	125.229303960312	146.32927224221	156.187878674301	54.2243753326243	85.4333800836922	160.591449137641	179.534469519785	121.665928459036	158.061773063826	161.919326826419	169.498994849181	97.5086829009376	193.142392930158
116.89357308701	245.497708218636	131.346862029574	248.179874642998	197.969619154232	157.045715908043	183.21376640611	167.556939423486	121.728484736557	124.598466436986	147.002590403896	123.841994110273	127.921348391825	172.245340408793	70.3793738478143	85.4333800836922	160.591449137641	179.534469519785	137.720120926289	158.061773063826	145.089260167852	170.807868938951	98.884507829648	210.052226087102
116.892643219008	245.497708218636	131.346862029574	232.2384675238	180.594488281063	156.906431053226	201.084077336201	181.813971160785	91.4274225816085	142.941506340567	147.002590403896	138.581406862553	127.921348391825	156.187878674301	54.2243753326243	85.4333800836922	159.57452567471	179.534469519785	121.658122751763	154.30113573145	145.911866984328	170.807868938951	97.5086829009376	193.142392930158
116.89357308701	245.497708218636	131.346862029574	232.2384675238	180.594550768103	156.906431053226	183.21376640611	167.565465962373	91.4274225816085	124.598466436986	147.002590403896	125.229303960312	127.921348391825	172.149825590537	54.2243753326243	100.872434516457	160.591449137641	179.534469519785	121.665928459037	158.061773063826	161.919326826419	170.807868938951	101.972523695938	193.142392930158
116.892643219008	245.497708218636	131.535423606003	248.179874642998	180.594488281063	157.045715908043	187.867406846798	167.565465962373	91.4274225816085	124.598466436986	162.59299353207	123.841994110273	127.921348391825	172.245340408793	54.2243753326243	85.4333800836922	160.591449137641	179.534469519785	122.25422499339	154.301135731449	145.089260167852	169.765627495589	98.884507829648	193.142392930158
116.188752301511	245.497708218636	146.358771030752	232.2384675238	180.594550768103	156.245353719303	201.084077336201	167.565465962373	91.4274225816085	137.778265289235	147.002590403896	138.581406862553	127.921348391825	158.897776653484	54.2243753326243	85.4333800836922	173.330236351444	179.534469519785	137.057401336385	158.061773063826	161.468413777417	170.807868938951	97.5086829009376	193.142392930158
116.89357308701	245.497708218636	131.346862029574	232.2384675238	180.594488281063	165.467203715163	183.21376640611	167.565465962373	121.728484736557	124.598466436986	147.002590403896	123.841994110273	127.921348391825	156.1878786743	54.2243753326243	100.867372932804	173.952184291277	179.534469519785	121.665928459036	154.301135731449	145.924357316434	169.765627495589	97.5086829009376	193.142392930158
116.89357308701	245.498849834805	131.535423606003	232.2384675238	180.594550768103	157.045715908043	183.21376640611	181.764246387617	91.4274225816085	124.598466436986	147.002590403896	123.841994110273	127.921348391825	185.327298915822	54.2243753326243	100.872434516457	160.591449137641	179.534469519785	122.25422499339	172.044627575865	145.089260167852	169.765627495589	98.884507829648	193.163604894169
116.89357308701	245.497708218636	146.568884912461	248.179874642998	197.958450791765	156.906431053226	183.21376640611	167.565465962373	107.923517821234	124.598466436986	147.002590403896	125.105217981605	127.921348391825	156.187878674301	54.2280545482587	85.4333800836922	173.952184291277	195.23618605769	122.25422499339	158.061773063826	145.911866984328	185.293657430788	97.5086829009374	210.002344759467
116.89357308701	245.497708218636	131.346862029574	232.2384675238	197.860229003581	156.906431053226	183.21376640611	178.443820594422	91.4274225816085	124.598466436986	147.002590403896	125.229303960312	127.921348391825	156.187878674301	54.2243753326243	84.7661169740623	160.591449137641	179.534469519785	122.25422499339	158.061773063826	145.924357316434	170.807868938951	97.5086829009376	193.142392930158
116.102106905176	245.495662251097	146.568884912461	232.2384675238	180.594550768103	157.045715908043	183.226025463559	167.565465962373	91.4274225816085	137.778265289235	162.544714499462	125.229303960312	143.967231813797	174.964318523163	54.2243753326243	85.4333800836922	173.330236351444	179.193099451719	122.25422499339	158.061773063826	145.089260167852	185.293657430787	98.884507829648	193.142392930158
116.89357308701	245.497708218636	131.346862029574	232.2384675238	197.958450791765	156.245353719303	183.21376640611	167.565465962373	91.4274225816085	137.260262626319	162.59299353207	136.896245328348	143.967231813797	156.345770524904	54.2243753326243	85.4333800836922	160.591449137641	179.193099451719	121.658122751763	162.579543794207	145.911866984328	186.405742658002	97.5086829009376	193.142392930158
116.892643219008	245.388684653797	146.568884912461	232.2384675238	180.594488281063	157.045715908043	183.21376640611	167.726468429851	107.923517821234	124.598466436986	147.014107774535	138.581406862553	127.921348391825	172.245340408792	54.2243753326243	85.4333800836922	159.573267690999	190.526788872411	121.665928459036	154.301135731449	145.089260167852	170.807868938951	98.884507829648	193.142392930158
116.89357308701	245.497708218636	131.535423606003	248.179874642997	197.969619154232	156.906431053226	183.21376640611	167.565465962373	91.4274225816085	124.598466436986	147.002590403896	123.841994110273	127.921348391825	156.1878786743	54.2243753326243	85.4333800836922	173.330236351444	179.534469519785	121.665928459036	154.30113573145	145.911866984328	169.765627495589	98.884507829648	193.142392930158
116.18875230151	245.495662251097	131.535423606003	232.2384675238	180.594488281063	156.245353719303	183.21376640611	167.565465962373	91.4274225816085	142.941506340567	147.002590403896	123.841994110273	127.921348391825	156.138790605215	54.2243753326243	85.4333800836922	160.591449137641	179.534469519785	121.665928459036	172.61082445677	145.911866984328	170.807868938951	97.5086829009376	193.142392930158
116.892643219008	245.497708218636	131.346862029574	248.179874642997	180.594550768103	157.045715908043	201.084077336201	167.565465962373	91.4274225816085	124.598466436986	147.014107774535	123.841994110273	127.921348391825	156.1878786743	54.2243753326243	85.4333800836922	159.573267690999	190.526788872411	121.665928459036	154.301135731449	145.089260167852	170.807868938951	97.5086829009376	193.142392930158
116.189638552421	245.497708218636	146.358771030752	248.179874642998	180.594550768103	165.467203715163	183.21376640611	182.36898495184	91.4274225816085	137.648398429796	147.002590403896	123.841994110273	127.921348391825	174.867257672239	54.2128926519998	85.4333800836922	174.94611596977	190.526788872411	121.665928459036	176.967647263465	161.867650330156	186.350593342886	98.8845078296481	193.142392930158
116.89357308701	245.498849834805	170.665756498082	232.2384675238	180.594488281063	165.467203715163	183.21376640611	182.318956172758	91.4274225816085	137.648398429796	147.002590403896	136.896245328348	127.921348391825	156.1878786743	54.2243753326243	100.870642741217	160.591449137641	179.193099451719	121.665928459036	158.061773063826	145.91186698433	169.765627495589	97.5086829009376	193.142392930158
116.89357308701	245.390728838609	130.836283853158	232.2384675238	180.515063338663	157.045715908043	183.21376640611	167.565465962373	91.4274225816085	124.598466436986	147.002590403896	125.105217981605	127.86533969666	158.817918455913	54.2149077556762	84.7350844647794	173.952184291277	179.534469519785	125.60305288834	172.600946939836	144.969815745474	169.765627495589	97.5086829009376	193.0718851377
116.89357308701	245.390728838609	145.547356428479	232.134375902603	180.594488281063	156.906431053226	183.21376640611	167.565465962373	91.4274225816085	124.598466436986	147.002590403896	123.841994110273	127.921348391825	158.897776653483	54.2149077556762	85.4333800836922	160.591449137641	190.526788872411	125.628185594444	158.061773063826	145.089260167852	170.807868938951	98.8323602413245	193.0718851377
116.89357308701	245.497708218636	131.346862029574	232.2384675238	197.860229003581	157.045715908043	183.21376640611	167.565465962373	91.4274225816085	124.598466436986	147.046253114661	123.841994110273	127.921348391825	156.187878674301	54.2243753326243	99.6810867944462	160.591449137641	179.193099451719	122.25422499339	154.301135731449	145.089260167852	169.765627495589	98.884507829648	193.142392930158
116.89357308701	245.497708218636	131.535423606003	232.2384675238	180.594550768103	156.906431053226	183.21376640611	167.565465962373	107.973713994882	124.598466436987	158.720715466335	123.841994110273	127.921348391825	156.187878674301	54.2243753326243	85.4333800836922	160.591449137641	179.534469519785	121.665928459036	158.061773063826	145.91186698433	169.765627495589	98.884507829648	193.142392930158
116.89357308701	245.497708218636	131.535423606003	232.2384675238	180.594550768103	157.045715908043	183.21376640611	167.565465962373	91.4274225816085	124.598466436986	147.002590403896	138.210824955399	127.921348391825	156.259072459103	54.2243753326243	85.4333800836922	173.330236351444	179.534469519785	122.25422499339	155.010303390529	145.089260167852	170.80786893895	98.0260168285896	193.142392930158
116.189638552421	245.495662251097	131.346862029574	232.2384675238	180.594488281063	157.045715908043	183.21376640611	167.565465962373	91.4274225816085	124.598466436986	147.014107774535	123.841994110273	127.921348391825	174.867257672239	54.2243753326243	85.4333800836922	160.591449137641	195.23618605769	122.25422499339	176.967647263465	145.089260167852	186.497309204686	98.8845078296481	193.142392930158
116.89357308701	241.53006848985	131.346862029574	248.179874642997	180.594550768103	156.906431053226	183.21376640611	167.565465962373	91.4274225816085	124.598466436986	147.002590403896	125.105217981605	143.967231813796	156.1878786743	54.2210646317538	85.4333800836922	160.591449137641	179.193099451719	122.254224993391	172.61082445677	145.911866984328	170.80786893895	98.884507829648	193.142392930158
116.89357308701	245.497708218636	131.535423606003	248.179874642997	216.59282264349	156.906431053226	183.21376640611	167.565465962373	107.907875207442	124.598466436986	147.002590403896	123.841994110273	127.921348391825	156.1878786743	54.2243753326243	85.4333800836922	160.591449137641	179.193099451719	121.665928459036	158.061773063826	145.911866984328	170.807868938951	97.5086829009374	193.142392930158
116.892643219008	245.497708218636	131.346862029574	232.2384675238	180.594488281063	156.906431053226	183.21376640611	167.565465962373	91.4274225816085	124.598466436986	147.002590403896	123.841994110273	127.921348391825	172.149825590537	54.2243753326243	102.034641486554	160.591449137641	179.534469519785	121.665928459036	154.301135731449	145.924357316434	169.765627495589	101.972523695938	193.142392930158
116.805287406631	245.497708218636	146.568884912461	232.2384675238	180.594550768103	156.906431053226	183.21376640611	167.565465962373	91.4274225816085	124.598466436986	147.002590403896	123.841994110273	127.921348391825	156.1878786743	54.2243753326243	85.4319901773715	160.591449137641	179.193099451719	121.665928459036	158.061773063826	145.911866984328	170.807868938951	97.5086829009374	203.634517621575
116.89357308701	245.497708218636	131.536178767595	232.2384675238	180.594550768103	157.045715908043	183.21376640611	167.565465962373	91.4274225816085	124.598466436986	146.982980375908	123.841994110273	127.921348391825	156.187878674301	54.2243753326243	99.6810867944462	160.591449137641	179.534469519785	121.665928459036	154.30113573145	145.089260167852	170.807868938951	97.5086829009376	193.142392930158
116.89357308701	245.497708218636	131.346862029574	232.2384675238	197.860229003581	156.906431053226	183.21376640611	167.565465962373	91.4398595173705	124.598466436986	147.002590403896	125.229303960312	127.921348391825	156.1878786743	54.2243753326243	86.9240855935336	160.591449137641	179.534469519785	133.019272958115	154.301135731449	145.101610057582	170.80786893895	97.5086829009376	193.142392930158
116.892643219008	245.497708218636	131.535423606003	232.2384675238	197.860229003581	165.467203715163	183.21376640611	167.565465962373	91.4274225816085	124.598466436986	147.002590403896	123.841994110273	127.921348391825	156.187878674301	54.2243753326243	85.4333800836922	159.573267690999	190.526788872411	121.658122751763	158.061773063826	145.91186698433	169.765627495589	97.5086829009376	193.142392930158
116.892643219008	245.498849834805	170.665756498082	232.2384675238	180.594488281063	157.045715908043	201.084077336201	167.565465962373	91.4274225816085	124.598466436986	146.950862690536	123.841994110273	127.921348391825	158.897776653483	54.2243753326243	85.4333800836922	160.591449137641	179.534469519785	121.665928459036	154.30113573145	145.089260167852	170.807868938951	97.5086829009376	193.142392930158
116.892643219008	245.497708218636	131.346862029574	232.2384675238	180.594550768103	157.045715908043	183.21376640611	167.511867139255	91.4274225816085	124.598466436986	147.002590403896	123.841994110273	127.921348391825	156.187878674301	54.2243753326243	85.4333800836922	159.573267690998	179.534469519785	121.665928459036	172.600946939836	145.101610057582	170.807868938951	101.972523695938	193.142392930158
116.89357308701	245.496803848239	146.358771030752	251.936711187612	180.594488281063	156.245353719303	183.21376640611	182.36064491541	91.4274225816085	124.598466436986	162.523031164549	136.896245328348	143.967231813797	156.187878674301	70.3793738478143	100.870642741217	160.591449137641	195.555765417831	141.513590903842	158.061773063826	145.089260167852	186.350593342886	97.5086829009376	193.142392930158
116.89357308701	245.497708218636	170.665756498082	232.2384675238	180.594550768103	156.906431053226	183.21376640611	167.565465962373	91.4274225816085	124.598466436986	147.002590403896	123.841994110273	127.921348391825	158.897776653483	70.3596961224385	100.870642741217	160.591449137641	179.534469519785	121.665928459036	158.061773063826	161.867650330156	170.80786893895	97.5086829009376	193.142392930158
