M_1	M_2	M_3	M_4	M_5	M_6	M_7	M_8	M_9	M_10	M_11	M_12	M_13	M_14	M_15	M_16	M_17	M_18	M_19	M_20	M_21	M_22	M_23	M_24
51.6246216579382	65.222151467629	49.160074007276	29.0853069234624	83.0795067624337	45.206899543221	65.011874431117	31.0809857222116	86.4923500914153	31.9540219216801	31.6271001487732	32.0042109074519	31.5084454264992	64.2112824775036	30.8841603294689	32.5900399187726	27.9847730889362	27.9796849013183	31.2084324326184	65.0857691054823	27.8863592487774	29.0236282599049	15.1852061949202	35.0754943793302
38.0121334807832	64.102687929825	46.2088207708893	28.5840760804043	83.0784834988686	44.0215577891629	61.7487843064123	30.4284961843691	79.7645786451955	32.1553336980086	31.4526736865289	31.6710136195252	31.7970266730922	53.5578255878236	33.1613518592086	34.3112163894852	27.9742311895777	28.2253198228818	30.464720025554	65.3183645296521	29.1593047808891	30.2212331398963	14.6883740254176	35.0190608781134
46.8683930343232	65.0063701623631	47.639752302091	31.3291938305552	90.6421900615749	47.052967122917	68.1148607090525	29.044389808838	83.7329886783988	29.9061704763767	32.8408101242734	32.0042109074519	31.8485888051164	64.2005292864584	33.0197963734246	32.4681780204648	26.3631999265848	23.9971171340543	31.7902702261661	66.6823124058471	28.0730778441702	28.5622491441652	14.6362346456817	32.7588467674679
38.0121334807832	64.6751812439111	46.5099725168105	30.798117335992	86.9494057220232	47.8509538198714	68.1148607090519	30.5836782974762	81.942439156934	31.9844929508452	30.8699900609111	31.607868874039	27.9438792629044	63.4897678845616	33.8833576413959	33.4632381633104	27.522448203551	28.628718309127	31.4136400308343	65.5432985673442	37.0932803292692	28.5500017146066	14.5670714828445	32.8012346902266
50.1296268735649	65.3582285872628	46.7129934559734	30.6605148997608	84.3378629334531	45.2689585315614	65.2089632545316	31.3436819228997	82.9918301359663	29.4684328254027	26.0525423774402	27.3854834019256	31.7348791705562	63.5644422296682	31.5739322313843	32.4306392717318	28.2263018510788	27.9744193674195	29.1940662643038	64.3868133259951	33.6729925784608	28.3483652043105	14.6786909924719	34.7535624053519
52.086208159933	64.6377824606603	44.7149107419851	31.2560020401995	85.2950735638808	47.6389624441617	65.3156818642242	30.8814311172804	82.2518007142213	34.6023050958869	30.9697366536842	26.2660534565537	32.3110190949333	64.1127604811221	33.1606790055808	29.9786001216468	28.9114864405864	28.5432843980372	31.486937453787	65.2248197028948	33.6729925784608	30.5031564658722	14.494420698681	32.3052477860679
52.6039901852793	72.655469383611	44.3487853318251	33.2055593135382	84.2084977256334	47.0874111249025	71.4765495826771	31.5293674304864	86.8057677094732	34.8508119320344	32.0993580639039	28.6853845122113	32.381724028671	69.2258234871812	30.686265912396	31.295968174364	27.4315811513307	30.9519950389308	33.1653364376663	68.3826199011468	37.0807687593641	31.2129510719295	14.7183090307804	33.7711554115062
51.5309504382409	72.2025632897426	50.8060046282859	32.6426329225914	87.8390671986586	49.2381762361983	70.1408349399923	32.9287340836473	87.6183123688966	32.1534357982313	32.1009825211723	33.9787473521767	34.3590988598368	70.0625686974247	33.8234572002015	37.4184806449346	28.4345097671245	33.5000137519523	33.4082494643871	76.7836385185429	36.9749316501414	30.6287641333685	17.6815242309421	36.3800494609422
52.086208159931	65.0803627303191	46.1053880777398	31.1177019832165	85.3992855735753	47.586026362509	66.741066806357	30.8473457056911	82.2518007142215	34.8446437091147	30.8699900609112	31.6820274322431	31.298952080666	63.8983152421887	34.0135682311019	32.6313076152052	28.8080294201264	28.5986552903728	31.6753168451862	65.2562040202899	28.6137688052776	30.5153332813521	14.6795222098562	32.3052477860668
48.6472566453096	71.4580221837318	45.2584467716955	32.6109178806199	84.9159938358696	47.3019571751506	68.3175286331416	24.3556651126456	85.5932573995889	29.8792636290377	31.8307092137135	33.0267580164584	31.7990303594222	69.0108490539816	34.3522394943754	37.355575809569	30.8309701489086	30.3483854249618	32.7853570747239	70.613006598894	28.0762526221694	26.766669428343	14.9669226814439	35.1696158335107
52.2902297865354	64.882649760368	45.4863076683903	30.7750889990008	85.1121595994765	47.48477391247	50.7965737265068	25.3928547631366	81.5996429688461	34.8446437091147	30.8699900609108	31.607868874039	31.2261164635525	63.2590848053461	32.8739524080714	32.5900399187722	28.7729609266603	28.0902514505849	31.1276633972646	65.0857691054821	28.1065010683849	30.2485461835291	14.493379523751	32.5104434621008
50.4091572731582	68.9992024031694	45.4863076683903	30.7599043687827	86.3722878389701	47.4847739124698	65.0172028062417	29.4616116598304	76.9881560992177	34.6179754034706	35.1753668870927	29.5923648264617	29.4665898915618	64.2112824775034	34.3115270076877	31.471021578485	27.4080856553258	28.3652151191535	29.9341510441625	65.5180366162188	28.2590808272347	28.433912171232	14.4186960440512	33.1357908384277
51.6247943227175	64.6776986310798	49.1591606886349	30.8069605968993	82.5743264819211	46.4089012926525	65.3121959519987	31.2714146593516	79.5869112140922	29.3650693751475	31.6271001487733	32.0042109074519	31.6058797101677	61.9879932999203	33.1606790055808	33.170605266711	27.9011421473242	28.0300179981821	31.8035160875315	62.2553801578777	28.6767026139185	30.1416732731111	15.1215322915657	34.8731383255271
52.2900526418338	64.6751812439107	46.1804794120171	30.9287738201189	82.4701124581085	48.577344947814	64.751075616323	30.1759828750009	82.7997900565203	34.1462107289004	32.757663062853	31.6205318522227	32.1151168111213	63.9645254392346	32.3265438844447	32.5900399187727	23.7515469726863	23.6671103109295	30.268497354681	63.1108308136706	36.2322498672455	26.7598768823736	14.9292237685991	32.3046749579463
51.4054810633383	68.4684289647391	43.6321829402126	31.0503886296252	85.4856281110136	43.2601068130221	64.009756368234	31.2127647915221	82.7023507811262	34.987893605405	29.1371521884362	29.7857923237344	31.2478035750422	64.2112824775036	32.7475958790638	33.4634604709479	29.2055595981834	30.520611768397	29.892873982979	65.3713626731275	36.9898791281387	31.2128107254825	14.8039184522988	32.591780568749
48.6473333065681	71.0779615276466	42.9061606428794	32.3637897029322	85.3992855735753	46.595142966663	73.6723890058908	30.9030662901338	88.3144540881961	30.6420909679532	32.1283724852789	32.8677950580211	33.1006160905579	68.2859441999465	31.2205456088896	30.0284614950941	27.099037317849	30.3243566904953	31.5681119326055	69.111836991075	28.9709960903904	31.2351137582652	15.0455218509183	31.1145545858654
52.2584734706262	65.7430382579224	47.8904940048641	30.6302631858741	89.6217067215867	48.0291444925363	68.1158351660422	29.4467498997635	83.7327047817467	30.1553799624129	29.1371521884363	31.8645851385918	29.1188206742921	63.9634692407945	34.3838123962988	33.6890987984942	27.5991300718219	29.6965651602071	29.6828659920538	63.9820682764011	36.9419233229854	26.7598768823736	14.3430813070918	33.6470192632716
51.7592137393489	63.8634863869871	53.0526897306226	31.0716169315584	89.6210086836878	48.7479977813033	65.9156147559037	30.6957081105202	82.3277127481964	34.6023050958867	34.0474997667797	31.6820274322432	31.298952080666	64.880399091307	33.7029547540636	29.9997103648181	28.1912819421409	28.1858658046982	31.4654402370109	65.2562040202905	28.579117866309	30.503049300605	14.5961871137449	32.510443462101
50.3562295744467	65.0008107429157	44.9992230093439	28.9377560379132	21.0839747470625	47.3893585286428	76.5049152760914	27.5334546378931	82.7997900565202	34.6027984584283	30.4521214587017	30.9497688517373	31.012061932484	63.4897678845631	33.3822390823078	30.7338265569677	28.772960926661	28.9396319244991	28.0859648060149	61.5718540936437	37.0050159591869	30.5771457635937	14.4326443989776	32.2947301366557
52.9874496517609	64.4786894111193	49.6771607208998	31.0890883419848	82.470112458108	47.0374963452469	76.5038049733088	30.4015088727423	82.7997900565205	32.8466293903339	30.8699900609108	31.6078688740392	31.0488433759503	62.3184691953491	33.1474249900169	32.4165291752348	30.9003690238638	29.3473680837614	31.3186664968216	65.0857691054828	28.0742122539532	30.2420487232222	14.2554728730511	32.5104434621008
52.0863839261851	65.1573057744505	46.037542840067	31.1179110982419	88.8417995031489	47.2033236819459	76.5038049733087	30.5836782974767	82.1259482127673	31.4814356151072	32.9135052568569	31.490136465232	31.9796263517958	63.7380114800287	33.479375879019	34.4143445354677	28.9821896771339	28.4293514306971	31.3917221961859	50.7921995398747	28.4655380073809	30.3640202240011	14.3834226986689	32.5104434621008
52.7626476428403	64.9165870954184	46.9836978345272	31.478385708467	86.4196096729203	48.3058820836906	68.1148607090526	24.8378133038953	75.0823890547321	29.9786326043553	29.1371521884365	30.3121428942372	31.8844432303029	64.2112824775036	33.3525369085544	31.6996538066609	27.9563450387919	30.4596126379062	31.9998932769665	66.0144130712746	28.9972493611828	30.9777610046958	14.7043063887544	32.9704606968086
51.9603269426309	71.8028758145776	46.4831692536158	31.0081693512551	85.1121595994762	47.4847739124703	76.5049152760917	30.3145655339136	82.8000676622882	28.9176836400188	30.6724797879385	33.3946221084323	32.0522323128538	63.8346849989035	33.2051247522104	33.6890987984942	27.2061338117882	27.9761208687097	31.3186664968211	65.5180366162188	36.9870645128943	26.7598768823736	14.3493765517377	32.2947301366548
52.2900526418334	64.622922941503	46.1804794120175	31.0096402332116	86.3722878389697	49.0620838540461	76.5035195640336	24.8378133038953	82.7997900565204	34.6023050958866	32.7304944824186	31.607868874039	31.0362371434361	64.9189122448539	33.479375879019	33.1708237032169	31.0185138157292	30.4596126379062	30.4696923316376	65.9539530466437	35.4158756240695	30.4105588347508	14.5947247103379	34.8735541661228
51.2015245378884	64.8826497603685	44.62974275136	31.216228885673	92.6750203510108	48.1332767832375	67.3369938369233	30.0244152485144	77.0034062283686	34.9878936054051	30.6724797879383	31.8273279761549	27.3526828289534	64.2112824775036	33.1606790055808	33.1568888787257	28.7729609266606	30.4596126379062	29.3315058325716	71.4910817372481	27.5972017136191	29.0428904651997	14.3833690855096	32.5923636241512
55.7039819470752	64.9943808418457	45.7106603508593	31.1852329344875	92.0917374929647	48.9471139203053	68.1148607090521	27.5334546378931	81.942439156934	31.8740530785149	30.9952294091018	31.8273279761547	31.2605822959294	64.9189122448545	33.1606790055808	33.34770331044	28.719176413117	28.22690829556	32.0069219962662	27.9209770749611	28.2590808272349	31.0461769915365	14.3604032788552	32.5923636241517
50.1066320957932	64.6041518284227	45.1719955173398	33.4756556540959	91.2281640698283	49.0092859968594	76.5049152760919	30.4015088727418	82.9918301359669	30.0460401741192	30.7961184578503	29.3954134653836	31.313232813312	67.771810476779	33.8259416875582	31.6882911574096	31.0651720236862	23.844880030287	31.6829191759066	63.5881496374913	36.2322498672455	26.7598768823736	14.5000600262795	32.2947301366557
55.4550123051786	65.2221514676284	46.3786842533224	31.0094325708294	85.4856281110133	47.3893585286427	64.7510712029629	30.0252588759624	81.942439156934	34.6179754034711	30.8699900609107	31.8273279761547	31.7990303594222	64.4121262920138	34.6294459136916	34.3519685271038	28.8030931125127	28.3944989064408	31.5341143164743	65.9539530466438	36.9850560522534	28.3911907885903	14.3933787112632	32.5104434621008
52.0862081599338	64.8301103723383	43.4241677482322	31.117911098242	85.3342339617887	47.5860263625088	76.9733185823866	29.6484351001998	76.2368616779457	28.8785899271823	26.0525423774402	31.682027432243	28.1619827174908	64.1339147015142	31.9201184905398	33.4632381633107	28.9114864405862	28.1090547710697	31.4654402370109	65.2562040202902	33.6729925784608	30.3459107421884	14.6795780535359	32.4688032901987
55.4181152309393	65.9706490850038	50.6714794676047	29.0224059906646	83.9629327335686	46.1458486809185	67.5202743041441	33.0856014053829	83.6155472303859	36.0285602745368	32.1946664175052	31.6726172263879	32.1741684909496	64.9043957850889	34.1503749756892	32.7600801762855	30.9003690238638	28.5341425948481	31.8884563782381	60.5963091703472	29.0550080491692	30.6939953038909	15.5985524951111	34.6364834498068
50.6210302263023	63.1181232501313	42.9061606428801	31.5086489942407	86.2638968518995	44.6394691578968	68.1972492485452	31.0751977296889	82.2093504963918	29.978632604355	27.8320692910035	32.2081487863573	31.8844432303032	64.4121262920145	34.030568585832	29.9997103648181	27.9563450387919	28.6134141342208	31.9998932769665	65.9665093573353	28.2590808272343	31.1411567743487	14.7377987504016	33.1247255285012
52.2270041919981	64.3817774168482	47.748599786236	31.1179110982419	86.0162582298603	45.4951006687898	65.6181890389999	29.9007720126703	82.7498770817888	34.8446437091149	31.226962767869	32.2763798599108	31.9243607501171	64.9043957850896	32.3390175007869	33.6819816889268	28.9114864405862	28.8065751476311	32.0515692035502	64.8508071327495	33.6729925784608	31.6388980917306	14.4927439181503	32.5611812024455
51.8327605224977	67.2918645226056	44.1594498030136	31.7511270297125	62.9891418995439	44.9615866472781	68.1972492485453	31.4535698278222	82.8299774511724	30.3564135481444	31.5608689582003	29.9324819040125	31.9603860794422	64.1392130083094	33.8010476677572	32.3655316996851	26.7284549873438	28.9761873551141	30.0662235536973	66.260232350071	29.2451606558409	31.2640791395062	14.7995298439975	33.4373148399127
50.4091572731567	65.0356111822973	45.4218788849523	27.6760998180864	85.1110856526436	48.0055766798023	68.1148607090527	30.135578524061	76.8268669105656	28.8219604667268	32.6922396196082	32.0628755446729	31.2261164635524	64.9189122448536	30.8193031000428	30.2237159233063	28.8030931125133	29.3082835040339	29.2329260486511	65.3713626731279	28.0730778441702	29.4645221012916	14.5930688933765	35.1441797238001
50.1305684106167	67.2918645226056	46.0778619598707	31.1179110982422	85.3339564478529	43.0281097263112	78.6707032768431	30.6445650585866	82.2518007142215	29.0587260403606	30.7709520444319	31.6820274322431	31.2989520806658	64.9041848324366	34.3234075013723	32.6313076152051	28.6663033880908	34.1665569628857	31.465440237011	65.2562040202915	28.4702193976949	29.5441231868654	14.6988309562728	34.7366404737084
49.9265894257057	62.5992118752329	45.9939438885066	31.0838537970104	86.9494057220231	47.6389575601649	65.0172028062412	31.0137562497281	82.9918301359669	34.8509982190988	35.1753668870927	31.9025211266195	31.1208534000404	64.9043957850896	33.3838515493625	32.614452719911	27.6834884781818	28.4106009471736	31.6829191759063	65.1830513088792	36.1912063114562	29.004034467223	14.5394443234618	32.3046749579445
54.2601773927329	65.1573057744505	46.7799001307123	32.2235378419095	86.3711818562874	47.638957560165	68.1982260642924	28.2488562901404	82.9918301359663	29.9061704763769	30.6865086484139	31.2992250680356	31.333578974362	64.7718809496805	32.9677585312444	33.7326994755762	28.9821896771339	28.4102668524564	31.4654402370109	66.1039118344703	37.952768407962	30.4986518399617	14.5014749398318	32.3052477860682
50.5233920335359	68.7565538233762	47.8885847092559	31.1588397728576	87.3275317146936	48.330680753677	76.5035195640335	29.277835387431	76.7304152425715	29.8948431202023	32.7576630628528	31.4116549482998	29.2978020246177	64.2112824775036	33.6528600086966	32.5223172401894	27.956345038792	28.5840007816359	29.7752489000118	50.7921995398747	28.9972493611824	31.2056499355068	14.374996401255	33.3523188087379
54.1227559932296	65.2221514676286	49.1947405520218	29.0853069234625	84.5724353374091	44.9415294706675	50.7965737265068	31.2714146593513	84.4076185347712	31.9540219216801	31.4629465853095	31.5662128802596	31.711147777345	63.8403740517983	32.5862335482196	34.1030499175484	27.9847730889366	27.4500297997196	31.2084324326184	62.2553801578777	28.917983625786	30.1805424780609	15.1359494111732	34.6368936655939
52.2900526418326	64.7214317655106	45.7501499811437	30.7306150053573	85.1118835280688	47.4847739124696	76.5049152760917	30.3798032659622	81.6333758368451	31.9718740935421	30.6724797879381	31.4133329270802	31.0488433759502	64.9189122448536	34.3198078509399	33.4624612609321	28.7729609266606	32.5678854665761	31.1276633972646	68.4422260575564	37.0763073280811	32.0269599574477	14.2794151625059	34.8484562619013
55.6044147452508	71.5990393805995	46.4831692536158	28.9377560379138	90.6716506354535	49.5668978246058	76.5049152760919	32.7872196856739	82.8000676622882	32.0605165359635	33.5438677296824	30.9870486823222	32.6316971562423	63.7461938219788	34.0312772042087	37.1915523166673	23.7515469726856	31.593818208921	31.0921129978646	68.0151416463718	28.2405879187909	31.3376810000845	15.1706793806815	32.510443462102
52.0148315833122	65.4219104603652	45.4401023918814	31.0535991069711	85.6139630207918	48.9719553837255	68.1972492485456	31.0137562497283	81.9424391569344	32.0812913699812	30.995229409102	30.7479610758167	31.7990303594222	63.6128429403132	30.7053337636616	33.6819816889274	26.4473000007959	28.3225924816376	31.4136400308342	69.7040104688563	36.9415427043464	29.4645221012924	14.3819038139025	34.6557882252501
54.3576051689305	65.1573057744493	49.8952097709489	28.7114672445912	83.6133243653526	45.9924371290245	61.9048687639928	27.6989352949088	78.4687408715234	32.4020248527515	31.015022326246	31.7965478280565	30.1588255357999	64.1336926359126	32.279145247872	29.9997103648181	26.7541829485143	27.619957350445	30.3991704038369	63.9618580873451	29.1847079692991	30.117297477666	15.2606103878998	35.3014334600416
51.6244489943148	63.4997200113496	46.1761776494254	32.2235378419095	83.0795067624337	45.206899543221	61.9737186169909	31.2714146593515	79.5869112140921	31.9540219216801	31.6271001487733	31.5862504761735	31.5210288506042	64.2112824775036	33.7865784235155	33.392519815589	27.9847730889362	34.414035252655	32.3620819071079	65.9944506682066	28.0645994034984	30.0984372018925	15.0049399263325	34.6368936655939
51.5555490487073	66.8162500735495	45.1669379917367	33.2692299247376	92.2128487688147	50.6590182434867	74.162523860587	27.2813966318105	89.0162913207861	34.0291191465532	31.099348943229	30.0171275446985	29.9830570296699	68.8626032319106	30.8193031000428	37.2510567634443	31.9476089451073	30.7147841426424	33.6154474921891	66.8771933764363	30.6829038843722	32.46771944612	15.1713694434237	33.3084955782236
52.3366434457717	72.2025632897428	43.8677230148738	32.8445781725033	89.2505924275045	48.9715849593168	73.3054994266163	27.9991846013991	87.6183123688969	32.6100997186265	31.830709213714	32.8126700907817	29.6584149888013	61.6755431248975	36.4935692530266	37.1670853562993	30.9003690238638	30.9369764535569	29.9317395707357	69.1118369910745	29.1859909546634	28.9060297636911	14.977615961112	31.0917983634365
50.7125447443917	65.0008107429145	46.4831692536161	34.5237519986173	92.7103258043635	48.1332767832375	77.9912386374896	29.9840180254401	82.7997900565205	31.781180492594	33.5606468615586	30.9870486823222	31.0246485297939	63.2532828674116	30.8839543442845	31.4719520407836	23.7515469726857	30.4596126379062	33.1655242570971	68.014244804043	28.2405879187913	30.3954346009842	15.156759317717	32.5109094816522
52.0862081599336	65.2612059960372	45.2584467716962	34.0760281588984	89.7557658370032	47.4961637402168	76.5038049733089	29.2969254760492	82.7997900565205	28.1082254677231	30.6586994746062	31.6074001249188	31.2261164635521	64.1940061384777	33.4793758790189	31.0058586690014	30.9003690238638	28.5989496726988	30.3368298656222	64.881425343336	29.0837952761248	30.2181387142062	14.3431035208937	32.5104434621008
55.2088141844836	64.8867275345103	48.9807628930893	31.0890883419848	86.3725721475041	47.4847739124698	76.5049152760917	30.6023115415677	85.2577862118844	31.9718740935421	30.6724797879381	31.607868874039	31.9942141848346	64.8985619973171	32.5204258104386	33.1706052667114	27.5224482035496	28.3648965703293	31.1276633972646	65.4965121271271	28.2590808272343	28.444182032669	14.5289578560226	32.305247786067
52.2900526418336	65.2221514676298	46.179803937096	34.8438003588181	86.3725721475039	47.4847739124695	65.7280357268142	30.2044656475975	82.1259482127673	34.8509982190985	33.4258436636853	31.607868874039	31.2261164635524	64.2112824775034	33.3822390823079	33.5704968473751	28.3775259404848	30.4596126379062	31.3186664968211	65.0857691054823	28.2823522074744	30.3981107105479	14.5945775113919	32.5110236109252
50.1067947556473	61.9592829659789	45.4863076683903	31.0096402332113	85.1121595994765	48.601378946828	78.2634493939092	30.4420029442583	82.1259482127673	30.3008807639664	30.6724797879381	32.0042109074519	31.2261164635525	64.9189122448536	32.8739524080714	32.5900399187722	28.5465045677769	28.3648965703293	31.1276633972646	65.5188688356958	28.2823522074743	31.2056499355069	14.669304803698	36.5803665663891
51.9287952428574	61.2205176812479	47.8215976097832	31.5443675125406	85.4856281110133	49.0875025975385	64.9830226379731	31.0751977296889	88.3172568731659	42.1161171908001	35.1753668870927	31.9008747915593	31.248205916238	64.6994604641067	33.8003486047872	31.1163739699999	28.7603525105693	28.3941796995514	31.3404823991253	65.9665093573356	28.381857785936	31.1538484004178	14.3930166450884	32.8405788889914
52.1457619707286	65.3316934339708	49.6902014765601	31.5824477762372	85.6337381275004	49.7449204870178	64.7510712029629	27.5334546378931	83.5249092272946	35.521010363069	33.703388137647	32.2458096932707	30.450730301131	64.2112824775036	34.1315207900636	34.3675636585921	29.2625136233588	27.1822825442708	31.9725676167268	70.4681780773188	29.4457061523797	30.9734899656987	14.3461738968768	32.866681919213
55.3216084379851	64.6041518284224	46.7001358925961	28.7641277946435	82.8883921349177	46.769336617754	76.9649478254145	25.6854491169887	83.389571183048	27.7284974004449	30.6586994746061	31.1360522915955	31.2989520806658	64.1392130083084	34.1308079909254	33.4490566260182	30.9003690238638	24.6174460617152	30.4055714278273	71.1468153206947	28.0742122539541	30.4071445625464	14.2524081359347	32.3052477860678
52.3797784853568	66.4339872337446	48.1569156509982	31.3331410114717	87.1441477782542	48.5071514080326	68.1972492485448	31.6381533591388	83.4646908388232	28.3871334010181	31.6635829877552	31.9764162696825	26.4531771665941	62.4273333582327	34.4115399048156	34.0975113590405	29.6408843953208	29.0629274296286	32.1563437810899	66.6387814837603	33.6729925784608	31.0568187549776	14.9314412284893	33.080355571528
51.01575936935	67.2918645226056	49.7249445123977	28.7778338255542	83.0784834988682	45.1724028298309	61.9048687639921	31.2976904877935	82.9918301359666	32.1553336980095	31.7318077609857	31.6710136195253	31.6058797101676	63.7710788015323	33.147424990017	33.076409697423	27.9742311895777	27.8570922395765	31.3751187385625	62.3889746852286	28.6137688052777	27.4558618006579	15.3982302544074	34.7804281259041
54.7513686487191	64.1381278219271	46.1798039370954	31.3013783987615	85.4856281110131	47.4847739124697	65.3208374120847	30.5836782974768	82.1259482127672	34.6179754034702	30.8699900609112	31.6078688740392	31.2261164635525	70.4838601475697	32.2043305330222	32.3655316996852	28.8554710443023	28.1980548474711	31.3572528800951	61.1080568948392	28.0953456798393	30.3981107105484	14.594577511392	32.5110236109259
50.4325130123063	65.0081821320978	43.2127437947918	30.5654105790827	85.3992855735753	44.4730884550985	76.9638241298362	29.9007720126707	88.3144540881961	30.2507289357453	30.8842002179177	28.0238816257347	28.172034727583	64.6687576517189	30.1154208823785	33.4632381633103	27.193412655574	27.3488272939544	29.5740813602063	64.2399499187885	28.5733753791049	30.5031564658728	14.5602324957198	32.510443462101
50.1731703641239	65.2221514676286	46.9313527089226	30.5551747180013	85.1668585732266	47.2459447453849	64.7510712029629	29.6424344305166	82.7997900565202	34.6469069311243	30.7961184578504	27.6942738502169	31.8381476780193	64.9043957850894	34.3639249175961	31.3207706071808	23.8235537615996	33.5511552968168	31.3485976586976	59.7650850818084	28.0742122539532	30.5878354519091	14.4618672646074	35.1696158335108
50.3158823233343	71.9323349452387	47.8226597262444	31.5125112541298	87.916547566084	43.0738171977567	65.6909636607957	30.5148592324103	86.4227335425842	35.4537402767985	29.7120440107435	33.8818256083082	29.5883662590323	63.4897678845631	34.0305685858319	32.3284951725118	30.9003690238638	32.4202285425813	30.3768480602529	69.9120371183811	30.7131091261336	28.614728478998	14.2898823698485	32.5923636241535
51.7590401742416	63.8095948795623	53.4841599050671	31.0838537970101	86.071467679846	49.2155593054926	76.9961168015199	30.6911464383214	82.2518007142215	30.6553431559534	30.7709520444321	31.6820274322431	31.3335789743619	63.2906959248519	33.1767066702186	32.9645106936096	28.1768092780569	30.4596126379062	30.6085989076314	65.6452310723384	28.579117866309	29.6610795351543	14.5074783735566	32.3052477860679
52.0862081599337	65.0081821320978	46.7180483161735	31.0838537970103	84.8075215125818	47.6389575601649	50.7965737265068	30.8814311172797	83.0018477986188	34.6179754034711	30.9697366536843	31.5627759225085	31.1081886376394	64.533852323962	33.229546177915	34.1171633161225	28.6663033880908	28.2916427146934	31.4654402370109	65.6668534372379	28.4702193976949	30.3459107421886	14.5961871137449	32.2913456201683
50.1066320957938	65.2221514676285	46.1804794120179	32.2235378419095	85.1121595994761	47.4657361979549	76.5049152760916	30.3798032659621	85.2127098412107	29.9865341326846	33.6062161463625	31.0644247639587	31.0488433759505	63.7461938219788	34.027972700808	33.6888734827949	28.7729609266605	28.3648965703292	31.1105787264933	65.0849478520222	38.3619930880565	30.6195139473557	14.5945775113924	32.500371567614
51.2636418000932	70.7444379280143	42.7602977427677	31.9919050333754	91.1496211043871	47.1690910364713	69.5851219888196	27.8418389667255	82.7089608804024	35.1790558804301	32.1283724852792	31.008769340341	32.6980880169043	68.192840754685	35.1364912229049	35.8149329186532	31.3775342519389	32.728362554339	33.0215328506243	50.7921995398747	29.1919823461936	31.2351137582663	14.9830231349615	28.6866851156059
49.8314483510217	64.8301103723378	46.0011640520933	31.0838537970109	86.3722878389707	50.1683347494058	50.7965737265068	31.2320070016008	82.2518007142214	34.6179754034711	33.685103561287	31.682027432243	31.3335789743618	64.9041848324366	32.7516483577238	32.4163335984727	28.7381723484844	28.2916427146937	31.1562215999462	65.3135286504151	28.4417430482465	30.3415584692528	14.5203178363236	32.3052477860676
54.52670837031	64.4411584122105	46.0513543904984	31.3802259557864	87.906258514758	47.8857605141052	50.7965737265068	31.0836795847359	83.5994752251388	36.1342983305424	31.6105631649975	32.136538291022	31.496794056921	63.8551346904226	33.696595962868	33.7326994755764	26.7537086703637	32.8568328828133	31.6725726325756	63.5889335513447	28.5052697796369	29.8477457333223	14.826907569976	32.5922489230791
55.703981947074	65.0008107429155	45.7106603508593	31.0096402332113	86.9505265626796	47.7525142480206	68.1982260642933	30.4750455726211	84.5290194818594	31.7679726966515	30.7961184578507	33.2182235198939	31.2605822959294	63.4897678845621	34.119280545778	32.5900399187727	30.6015530557185	30.4596126379062	33.0215328506242	64.8441254899315	37.2765135573324	28.5603556217667	14.6194988584054	32.5923636241528
51.6815799114689	71.8028758145778	48.9477851292439	31.6690007268885	97.5034203302589	49.3662799120784	69.5841050398624	31.8972505583666	82.9835618893962	34.4010619856461	30.8937200905421	33.0267580164583	32.8565588755012	68.9706457378497	27.7366182436989	35.3267452743258	31.9730774221674	27.3321860566399	33.0215328506243	69.110910993893	29.1919823461937	32.505183128864	17.6815242309421	31.7165900767252
38.0121334807832	65.2221514676284	46.7799001307123	29.1456074091021	82.8883921349188	46.7502677512519	64.751071202963	30.1669185390398	82.7997900565203	34.8446437091147	30.7465118298686	31.5017419654342	31.4506148282332	63.9647227499178	33.382920957286	34.3675636585925	28.85586064667	28.1979717682529	31.0125410590136	63.3860199632454	28.0742122539542	30.5140651105855	14.4286402784996	34.636893665593
51.6246216579393	65.2221514676285	45.7642186856558	29.0853069234626	86.0376719548194	44.9244760665606	65.3888382577145	26.65432510477	79.5869112140921	29.2213111916451	31.6271001487734	31.5862504761741	30.0107311872933	62.0127655460514	33.1613518592085	34.3476222591119	27.3559183611551	28.2100484618851	31.0921129978646	65.9952950347226	28.2590808272335	30.1805424780609	14.2797817869092	33.7098249611217
50.2267744911586	67.2918645226056	47.0203379699751	30.8713207069941	86.9494057220231	47.3443643341704	68.1158351660426	30.8264430354885	82.4541848666142	30.2705020084939	29.4657321164383	31.7043526702207	32.1641460219713	64.6869603466259	33.0832998350564	33.6819816889273	28.9626578196714	29.5443765002957	28.873927476903	66.1039118344706	29.1850200471582	29.0041313584124	14.6707821920231	32.7909818412559
51.5728551895645	65.0008107429145	46.9313527089226	30.9838886197784	85.4856281110133	41.0780896861894	68.1982260642927	30.166665162051	77.1654382984069	29.9061704763768	30.9952294091014	27.8843466901439	32.1151168111211	63.5956283632416	33.5662627048862	33.4634604709478	31.7716103062648	29.5914497094807	31.3404823991253	65.9531097376758	28.2590808272343	28.411986128991	14.7113311953013	32.5923636241517
51.388580486733	65.0372955802815	49.1591606886348	30.3213657383364	85.3992855735753	50.5145454054155	64.9370555995111	31.2710978855895	85.7212483073722	35.0627033055778	31.5977368730816	33.6081367923569	31.521028850604	64.8985695506689	33.248806539841	30.6749434473273	28.1575703475167	31.9321808816425	31.2427702633757	69.4031978942597	29.6980064157497	30.022400998276	15.2870153060491	34.6364834498069
51.9237650315189	65.6370263215794	46.7799001307123	31.0838537970111	85.3350360265329	48.0771641417286	68.1148607090523	31.471683279987	77.0987439101489	29.7236949064632	31.0095551277787	31.6947499119913	31.9603860794421	62.8611168168369	33.3658352153241	33.6819816889274	28.3155353112696	28.5503074739004	31.0921129978646	65.2553784601233	28.579117866309	31.0472995737663	14.5304370543336	35.1280295193239
52.0091870404767	65.8142557149897	47.3009337494933	31.4049466815018	86.0131458707695	48.4437026603129	77.4504000887384	31.1065772796798	83.9291018477271	30.0706009543869	31.5196229872851	27.6066151762207	31.9243607501171	63.5956516768066	33.2525986692914	31.3741234299138	29.3170091165022	30.4596126379062	32.0208810460559	65.7747586070589	36.9564420411187	34.8631627277506	14.7234733364322	32.6766747031304
56.9188780856168	71.0402709443321	46.722182840856	32.2235378419095	92.660453771856	48.2811145243544	76.5004847483228	31.9642362395707	86.7060457772596	32.3225998129145	33.6062161463625	33.1541299853271	32.0273057983321	69.8185347835114	34.0846479134667	37.4312575167148	31.6837052163524	30.192567383368	33.2015897913656	66.4591075290997	29.5283127718455	28.4998643730894	14.4778091722446	34.84549184579
45.6355610276613	65.1573057744505	46.9408664479727	29.1438312976466	83.1268902856576	47.5022560110792	64.8217797785656	30.5451830744561	82.9921090309496	34.1462107289006	30.8132643846916	31.2992250680352	31.3260651155013	64.4462209820777	30.183232723445	32.7799656147548	23.80311769654	24.6167698981101	30.225511339943	63.5881496374912	33.6729925784608	30.6123343196717	14.2804167363024	34.5552006483116
51.7590401742406	64.7237205168671	46.7788716317041	34.3858138868329	86.3714661575404	47.638957560165	77.02014060102	30.8814311172797	82.2518007142215	31.9718740935421	32.7440731370233	31.4865803940571	31.1081886376396	64.1392130083094	33.1857880310326	33.1706052667112	28.4959859555549	29.6542789555433	31.4654402370111	71.8270956984877	29.1850200471589	30.1152271414104	14.4427321250911	32.3052477860679
52.2902297865356	65.2221514676297	44.8643807626489	30.641131927054	87.9758686787213	47.1920738537388	65.7552545095656	30.4015088727423	85.5466542928363	34.8509982190987	30.4970534960345	31.6078688740391	32.0522323128538	64.4172012665936	30.8193031000428	31.7351363220687	26.8882231543413	28.3652151191535	30.2684973546807	65.0857691054823	29.1919823461938	30.4104090473749	14.4766588244669	32.5104434621008
49.9264279337366	65.0081821320972	46.2615357000606	30.8836062636412	86.9505265626791	47.9193512268077	50.7965737265068	30.69570811052	82.0677294271272	34.6027984584284	31.0957883043907	31.6372408739074	33.1838521192584	64.6753290089479	32.166848939195	34.4143445354667	28.9114864405862	28.5499700853636	31.4874611691371	65.6660174541437	28.579117866309	30.3219421812193	14.4847817548675	32.3052477860667
51.6627543973422	64.9532731908644	49.1600740072758	29.5747104639312	83.0795067624349	45.0450036552475	65.465899326067	33.5785015861281	85.2858706527797	31.9540219216805	32.8736673372016	33.10241821755	31.7990303594222	64.4582059489414	33.7045345063213	34.09751135904	27.9847730889364	31.1236813748586	31.0118030436645	61.6749408971407	28.1824732495166	30.1766226767987	14.4438358130339	34.8607033726085
52.0570109579337	64.8826497603685	45.4863076683903	30.9287738201193	88.5159503894825	48.3089757101268	64.5351358111979	31.5725728600863	82.7997900565205	36.1342983305429	33.4083935156124	31.607868874039	31.7990303594222	63.9645018544317	32.2242540493376	34.1173943971763	28.7729609266606	31.9359911438865	31.5493517546422	63.1100586433737	28.2405879187907	30.4078458980623	15.0952489112651	35.9352940532075
52.2900526418338	67.0022471813178	45.486307668391	31.0096402332112	85.8264008236854	48.088575809291	65.0169745817052	25.7778086787673	82.7997900565204	34.6179754034706	32.1283724852793	31.6300896836997	31.0488433759502	70.4838601475697	36.8169319110712	32.2151220771875	27.5914736017503	28.1980548474711	31.3186664968211	64.0981430124822	37.0815882434966	31.3668136640134	14.6558482877403	32.305247786067
51.7590401742409	65.0008107429151	46.9313527089226	29.145607409102	82.8894107211661	47.037496345247	76.4990891979148	30.5451830744561	82.7997900565202	30.8227982718439	30.7465118298689	30.9870486823223	32.5979741863718	64.1392130083084	33.7052296115899	29.9768564743551	31.2298378625275	24.6174460617152	30.2255113399436	63.386019963245	28.0742122539541	30.6729545421963	14.7969460047424	32.3046749579449
51.4363802527596	71.0824222002757	46.7596302565197	35.2883742043185	91.1493044774604	47.5448366854528	69.7945810931183	30.8593194550773	87.7469639453222	34.957621887025	32.745568352394	33.2182235198935	32.6692280958018	68.3251009786915	31.4093655079016	37.1670853562988	31.505385569626	33.2656566048381	30.6017168368112	70.4458537884031	29.1687630091217	26.7598768823736	14.9271580507557	31.0917983634362
54.5732370381236	63.8066209564568	45.8815801473627	31.1775194118701	86.2062634266924	43.9185139469919	65.2089632545319	30.1119317543547	79.0073642372137	29.2960121892675	29.9662344337821	30.1465016230374	31.6453745529283	56.1385356773122	33.3822390823078	32.3655316996852	27.3404386255535	27.350818420798	29.8179614365239	65.9726120627697	28.3818577859363	30.8188452461821	15.0098220052195	34.1380092543306
50.2269379319798	64.248819260594	46.229812194371	31.5546476100078	86.9496938426125	45.0535348249542	65.4453092932546	30.1372225890735	82.3321849440159	34.9878936054048	29.2564528421933	31.3489864105494	31.3207405167925	70.4838601475697	32.4932021393819	34.351734257542	28.9626578196714	28.5799748806284	31.6829191759066	65.5432985673442	28.579117866309	28.8175852581352	14.7574947320851	32.5917805687507
52.2900526418337	62.6863175855941	45.4863076683906	32.610688218022	84.7745379284505	47.4847739124703	78.2645929158718	30.4919403924206	84.806319065471	32.3159964020752	30.8699900609108	31.6078688740391	31.0362371434358	63.9647227499178	35.6753644833358	29.9997103648181	27.5752439516948	31.9816304479726	32.7853570747239	67.1448784634481	28.0614115859919	30.2423998566842	14.4347681541314	34.0881964686973
38.0121334807832	65.2221514676287	45.7082786339382	31.0096402332114	86.3722878389703	47.48477391247	64.751075616324	30.3798032659623	82.7997900565203	34.6027984584286	30.6724797879381	31.6078688740391	31.0488433759502	64.2149908198125	32.873291166628	33.7724576561766	27.7643593271737	27.5085545964755	31.3853148739933	65.0849478520222	28.2590808272335	28.5496887809479	14.3911938897984	32.8018252638975
52.0570109579345	65.2913425766371	46.4831692536158	30.7750889990002	85.1121595994761	47.3893585286427	66.4701172084725	31.9785263513107	82.7997900565205	34.8509982190986	30.8699900609106	31.4114748732348	30.9217888293014	64.9189122448543	32.6708056502227	31.0646372668708	28.7729609266606	32.492861699164	31.318666496821	65.3433878445341	37.119342427637	30.3829728886981	14.6171848047039	33.7711554115062
53.1026678790991	64.1981775420211	47.8902117158978	31.478385708467	87.9165475660839	44.8548130661793	65.2861011438567	27.5334546378931	83.889255404511	34.9723906466604	29.7120440107433	32.4170852546824	29.5479926796062	61.7252625063826	34.2998771869866	32.5900399187722	28.8030931125127	27.7886629482725	29.8741831187725	65.3219779376575	28.2590808272343	29.1197636092664	14.2944464357471	35.1532601242828
55.3216084379851	65.0356111822972	46.6343060677991	29.145607409102	88.8364038752428	46.8341912735695	78.7065881668898	30.3634705866804	82.7997900565205	34.3607389434985	32.7304944824182	31.6061853777981	31.3058537815191	68.9434560112602	32.3332488962433	32.6895660275226	30.611134696028	23.6665055041346	31.0921129978646	63.3852410443491	37.0619167943064	30.6729545421965	14.3261856736093	35.7959756568296
52.4105652471661	64.0592860430699	43.566541278756	28.9516280749246	84.5236495052384	39.9497697671372	63.2356039126553	29.7266239601244	79.7643210206104	31.9540219216796	29.024827324344	30.4023432237294	29.4684064397068	64.1394351121415	34.0305685858318	33.4969998878643	27.4110105843832	26.8362288870765	28.9975861702759	66.144593880195	33.6729925784608	30.3016056990203	15.2072120296574	35.0713456703335
51.7590401742416	65.0803627303191	50.0658872235347	31.374565950748	86.9505265626794	47.9193512268078	50.7965737265068	31.0090995650558	82.1259482127673	34.6179754034711	31.0957883043909	31.7043526702209	31.0556240888691	62.7752084326707	33.4095664767827	33.4632381633106	27.6834884781818	29.535066483282	31.6829191759067	65.542465727144	28.459841068805	28.7701864632929	14.6308029656206	32.305247786067
50.1066320957942	63.6227019645245	47.8885847092559	31.0096402332113	85.1121595994761	47.4847739124696	65.7543464221751	29.6792790634174	81.942439156934	34.6179754034711	30.8699900609108	32.8446208311338	31.0488433759504	63.5437024624516	31.9758973978429	31.4132083375566	30.9003690238638	29.5281310374894	29.7752489000122	65.3713626731279	28.2823522074742	28.5500017146066	14.6694535138894	32.5104434621012
45.6355610276613	65.9706490850024	47.911678637559	31.404946681502	83.8222998214158	47.3443595103916	68.1146102195996	31.6486059977963	77.6065210840132	29.0587260403606	31.6502000597761	32.5257878014141	28.3434379473122	63.765402091698	34.1308079909256	30.0452665576149	25.9545961864338	28.8020990124842	31.2062490690488	64.6365419305352	33.6729925784608	31.0863759822496	14.4831507892908	32.9703433190603
51.7844049300961	65.2221514676288	43.6712905435024	31.0030733959452	86.2561035258715	47.1434439756018	64.0097563682339	30.2174244101683	82.7997900565204	34.9878936054051	30.9952294091014	31.8273279761549	31.2503620301572	61.6755431248975	33.1613518592086	33.577335917752	30.9003690238638	28.3944989064408	29.9191931620114	65.7761368837381	28.2590808272347	31.2056499355069	14.3897226302783	32.8012346902258
55.0735530764974	64.9986633396544	49.7088592426629	31.0836451394688	84.7848238171358	49.2162749810062	68.0953012085092	31.8161868922483	85.7209597845916	31.9718740935421	30.9697366536842	32.2317934106328	32.9624116133045	64.8829597128449	30.6951891107119	32.528977200476	28.8986228813755	28.4224313436723	31.6967028356883	65.6452310723381	28.3229280159209	30.7986706276949	14.6059749479385	34.088196468697
50.4081229309282	63.5021214646336	42.9061606428793	31.3013783987619	86.3976138342469	43.2601068130221	64.0097563682345	30.6746371213109	81.942439156934	34.9878936054051	27.6483633097867	31.6300896836996	31.4402884677425	64.2110598758033	34.0312772042086	32.6545343749238	31.0647450314407	32.3040499637054	31.5341143164744	64.748709229248	31.938469101947	28.3911907885912	14.3901835271063	33.3411084368105
50.0561485149909	66.1623700590605	46.2494250543669	31.0838537970104	86.3722878389703	49.5876480453119	76.503804973309	30.5836782974762	82.2518007142213	31.9718740935421	32.6922396196087	31.4128699301524	31.0488433759504	64.8806011060901	33.2405721767353	33.1706052667108	28.9114864405862	28.5989496726984	31.6829191759067	65.1830513088789	28.6137688052776	31.0461769915366	14.4833212745224	32.3046749579452
