M_1	M_2	M_3	M_4	M_5	M_6	M_7	M_8	M_9	M_10	M_11	M_12	M_13	M_14	M_15	M_16	M_17	M_18	M_19	M_20	M_21	M_22	M_23	M_24
29	29	51	30	30	36	25	43	38	35	36	29	38	25	44	44	36	36	38	31	40	41	53	44
23	32	52	30	30	34	27	45	30	36	44	41	38	30	47	55	35	43	48	37	42	41	58	43
29	30	52	34	30	40	27	42	30	37	46	29	39	24	49	45	36	36	39	32	41	41	48	43
23	28	47	33	33	36	27	43	29	36	34	43	45	23	47	45	37	38	39	32	55	39	47	42
28	29	51	32	32	34	27	45	30	35	43	39	36	25	44	44	36	36	40	31	37	43	47	43
29	28	53	40	37	37	30	43	31	37	34	45	43	32	46	52	37	45	46	37	37	42	53	44
31	29	49	35	30	39	30	41	31	32	30	42	34	24	48	44	41	38	37	31	57	45	50	35
30	29	43	34	31	30	26	41	29	44	29	38	33	25	47	45	34	41	39	35	54	48	41	40
29	26	51	34	28	35	33	44	31	36	34	41	37	25	47	46	39	39	44	32	37	43	49	44
28	27	47	34	29	39	28	47	29	36	29	37	26	24	49	48	38	38	37	33	40	40	46	40
30	29	49	32	31	37	14	46	29	36	34	42	37	23	47	44	38	37	38	31	40	43	48	42
28	38	49	38	32	38	27	44	29	37	28	42	37	25	54	44	38	37	42	32	40	41	48	44
29	33	53	38	30	41	27	42	29	45	35	29	38	28	48	46	43	45	41	30	43	43	58	45
28	28	52	33	29	37	25	41	30	37	40	45	39	25	49	44	35	35	37	29	69	32	48	42
29	37	50	38	31	25	27	42	30	37	34	46	36	25	49	44	39	39	46	31	58	49	48	42
29	28	48	33	28	35	29	41	42	38	29	38	34	25	47	45	34	36	35	32	38	43	47	44
31	30	54	34	31	38	27	43	30	37	34	42	34	25	50	44	41	37	38	30	52	32	48	43
30	29	62	33	30	42	27	43	30	36	41	39	36	25	49	32	39	38	40	32	39	40	46	42
31	30	47	31	41	36	28	32	31	36	34	43	36	23	47	41	38	38	36	29	55	44	47	42
31	27	58	34	29	37	28	43	31	42	34	42	37	28	48	43	29	38	38	31	38	43	46	42
29	30	50	34	36	35	28	43	30	38	46	52	41	24	46	44	39	38	40	22	40	44	47	42
29	26	53	33	32	39	27	45	32	37	34	45	38	25	47	43	38	32	39	32	42	42	50	43
29	27	51	31	30	38	29	42	30	36	34	50	40	24	44	44	35	37	38	32	52	32	46	43
28	26	51	33	32	41	28	45	29	36	38	43	36	26	47	44	37	32	37	32	44	41	49	43
29	29	50	30	31	47	26	42	28	37	33	42	36	25	48	43	38	32	38	31	41	42	48	44
35	31	49	33	37	39	27	32	29	43	34	41	37	25	47	47	37	40	39	41	40	43	63	44
28	29	50	32	31	39	28	43	31	39	35	46	36	27	49	43	37	37	39	30	69	32	52	42
31	30	59	33	31	36	26	40	29	37	33	41	26	25	45	45	38	37	38	31	52	39	48	42
29	28	46	34	33	35	29	42	29	37	43	40	37	25	46	46	37	36	39	32	37	41	47	43
35	31	52	31	33	35	26	50	31	39	37	51	38	25	45	46	29	37	40	35	37	43	49	44
28	32	48	35	32	45	27	44	29	37	34	43	38	25	49	32	38	40	39	32	40	43	50	41
32	34	50	34	33	41	27	42	31	36	35	40	38	25	46	45	37	37	39	40	37	42	48	43
28	20	47	33	37	35	27	44	31	38	35	41	38	25	47	45	38	37	39	32	41	43	47	42
29	29	50	30	30	37	27	42	29	46	38	49	36	25	35	43	38	39	37	31	41	42	50	42
28	20	49	34	32	41	29	43	31	37	34	39	37	25	54	47	36	47	39	31	39	42	49	51
28	29	47	33	33	35	27	44	30	37	28	39	38	25	45	47	36	36	39	32	61	40	45	42
43	30	49	21	33	36	27	44	31	37	34	41	37	25	46	46	39	39	39	32	52	44	47	45
29	37	54	33	33	38	28	42	29	37	39	45	37	25	49	44	38	38	38	22	42	44	49	44
37	30	51	30	43	36	14	43	38	35	36	41	38	24	48	44	36	38	38	30	50	42	51	42
30	30	50	33	30	38	28	42	30	25	34	42	37	25	55	55	38	49	38	31	58	48	55	47
34	28	51	30	30	31	28	47	30	38	31	41	42	23	47	45	35	40	25	30	36	38	61	43
28	31	50	31	32	40	27	44	29	47	34	40	26	24	47	45	34	37	39	31	49	42	48	42
43	30	50	29	32	41	27	38	29	35	38	40	36	25	46	32	34	36	40	29	38	44	53	43
29	33	56	21	30	36	27	43	29	35	35	41	38	25	49	43	36	49	43	31	47	42	50	42
28	31	51	35	32	31	31	40	32	33	37	49	39	24	35	46	37	39	39	34	39	43	45	45
28	28	49	34	31	31	28	41	30	31	29	35	41	32	47	48	29	42	47	32	38	44	48	43
30	31	51	30	31	47	28	40	30	37	33	42	37	23	46	41	35	32	39	30	36	44	44	44
31	29	48	36	35	36	28	45	31	36	36	39	37	25	48	45	29	38	39	29	43	42	48	42
38	36	56	34	32	37	28	44	36	25	34	41	42	30	49	45	37	39	38	36	40	43	51	44
30	29	52	39	32	37	31	43	30	37	44	43	36	25	48	44	37	32	38	31	38	42	51	44
29	27	49	33	31	42	28	45	30	36	34	29	37	25	47	44	37	39	38	32	38	45	50	48
29	35	53	39	31	45	32	44	40	44	28	42	37	25	49	52	44	39	38	32	41	45	56	45
31	30	52	35	30	39	26	32	32	38	41	43	45	25	48	40	40	39	39	30	43	42	48	43
30	29	49	30	30	38	29	61	33	34	34	40	37	25	47	46	29	34	38	31	38	44	53	44
30	32	50	34	34	37	27	44	32	38	36	40	45	24	46	47	39	38	40	34	37	41	46	45
28	20	50	30	31	34	27	43	31	36	35	40	38	24	47	43	35	35	39	31	37	50	50	43
35	28	52	33	31	37	35	43	30	36	34	42	37	17	48	45	39	39	47	30	42	42	51	45
29	30	46	37	28	36	29	42	42	36	35	39	37	25	46	45	34	43	39	31	39	42	48	42
28	29	38	32	30	35	26	44	29	37	33	46	37	26	51	42	35	40	41	28	38	41	45	42
29	29	52	36	33	44	27	41	30	38	36	37	38	23	49	46	29	43	41	33	45	49	49	44
29	31	59	33	36	42	29	44	31	43	34	41	37	28	54	55	44	32	38	38	39	43	57	44
30	30	49	33	32	36	14	43	37	37	35	39	36	24	56	46	36	38	40	33	39	41	46	42
29	30	51	21	31	38	28	43	29	45	47	41	38	23	46	47	38	39	37	31	50	42	50	42
29	27	47	33	32	43	26	41	30	32	29	36	32	24	49	43	38	48	37	22	38	42	46	43
29	28	49	33	33	51	14	45	31	37	40	42	37	25	46	45	37	37	38	30	39	45	48	45
45	28	48	34	33	35	14	45	31	41	33	46	36	24	47	44	35	43	39	30	39	45	49	45
35	30	49	34	31	37	27	44	35	35	34	37	37	23	45	45	42	32	37	29	58	42	48	45
29	28	45	30	30	33	27	41	31	32	28	37	32	24	47	43	37	47	37	32	38	44	41	44
23	30	49	31	30	37	26	41	31	36	35	44	42	24	48	42	38	46	37	30	38	42	48	42
28	31	51	30	31	36	27	56	29	35	35	42	37	25	48	45	36	37	25	32	40	41	52	48
27	20	49	33	33	36	27	44	30	37	34	40	47	26	46	46	37	38	38	33	42	43	47	44
29	30	38	33	31	47	27	44	29	37	34	40	40	24	48	44	38	39	38	32	40	42	49	44
30	27	52	28	28	29	31	43	37	31	36	48	38	28	48	53	37	46	45	30	34	44	53	46
29	31	49	33	31	51	28	46	30	36	34	43	38	23	46	47	36	36	25	32	39	41	46	43
31	31	48	34	33	37	30	44	32	37	36	43	38	25	47	54	38	32	40	33	56	49	46	43
31	27	51	21	37	40	28	46	31	41	47	35	38	24	43	43	38	39	38	33	37	41	48	44
44	29	50	31	30	36	28	41	32	37	35	39	37	25	44	47	34	37	40	30	37	42	47	47
30	28	50	37	33	36	29	43	31	25	39	41	36	25	46	46	38	37	39	40	42	47	48	44
30	29	48	31	30	37	27	43	42	37	35	42	40	24	35	47	35	37	37	31	38	41	50	42
27	30	47	34	32	35	14	44	30	37	34	40	52	25	48	43	37	39	39	33	39	42	45	44
30	34	51	36	30	35	32	41	35	34	42	36	26	24	48	47	36	35	38	29	48	41	56	51
30	29	49	33	30	37	25	42	31	38	31	43	26	24	47	45	38	40	42	29	36	42	45	48
29	29	49	33	32	37	27	49	30	37	29	42	37	17	47	42	37	39	38	30	59	42	50	44
31	30	38	30	30	38	28	41	30	45	35	41	46	25	47	45	38	34	38	30	38	41	49	42
29	28	52	41	32	38	27	40	30	32	37	36	32	25	48	47	37	39	42	34	38	32	45	43
37	33	54	38	39	36	27	42	23	35	35	41	37	30	47	45	42	39	38	37	41	50	60	50
29	30	49	34	34	36	27	44	40	37	34	41	36	17	44	47	37	36	39	32	39	44	48	42
31	41	49	34	35	37	28	41	35	47	34	41	36	24	47	32	38	48	37	31	47	41	46	50
23	30	50	33	31	38	24	43	31	37	34	41	38	26	48	45	41	36	41	31	40	42	52	44
31	30	52	33	31	36	24	46	31	37	34	49	35	25	48	54	38	42	38	29	55	44	55	35
28	31	52	33	32	39	28	32	31	37	37	44	37	37	52	44	38	39	39	35	40	43	49	50
30	29	49	30	30	35	30	41	30	37	37	42	40	28	49	42	35	38	25	30	59	41	47	50
29	32	46	30	32	48	27	43	30	35	34	42	36	25	48	42	35	36	37	33	37	47	52	45
29	26	58	35	33	36	14	44	30	37	36	41	38	30	47	45	36	38	39	32	40	43	52	44
28	26	54	33	31	38	27	44	29	37	34	50	37	25	46	44	29	38	38	31	38	39	49	42
44	31	50	34	30	35	27	44	30	37	35	41	37	24	48	42	38	37	39	31	37	42	46	43
29	31	50	32	30	38	27	41	29	37	34	42	44	32	48	43	29	37	42	31	40	44	46	42
36	34	59	33	37	42	31	49	36	25	34	47	48	30	52	56	43	46	45	38	46	48	54	50
29	29	48	34	32	25	27	44	29	37	35	42	37	25	48	42	38	38	38	30	58	39	50	42
29	30	52	33	32	49	28	43	31	25	39	40	37	25	47	45	37	38	39	32	37	43	48	42
