M_1	M_2	M_3	M_4	M_5	M_6	M_7	M_8	M_9	M_10	M_11	M_12	M_13	M_14	M_15	M_16	M_17	M_18	M_19	M_20
63	83	58	68	72	45	69	67	62	59	69	44	54	49	53	70	54	60	45	53
68	89	58	68	73	41	68	75	53	57	68	54	52	49	54	70	55	59	46	54
67	88	58	55	73	45	66	61	62	59	70	55	53	49	55	59	51	61	48	51
66	81	59	69	73	45	70	74	61	54	71	54	54	50	38	70	56	54	46	47
66	83	57	68	74	44	67	75	61	59	70	54	49	35	54	67	54	60	39	54
66	83	58	60	72	46	72	75	61	57	67	47	54	49	55	71	54	59	47	52
66	85	57	68	72	41	71	77	58	57	63	55	54	49	54	71	56	59	48	53
66	84	58	68	72	44	70	75	62	58	68	53	54	49	38	71	56	55	45	53
66	83	58	68	71	45	71	74	60	59	60	55	48	49	58	71	54	59	44	52
66	82	55	68	62	45	71	74	60	58	69	44	55	49	53	69	55	59	47	53
65	83	57	68	73	46	70	77	60	58	69	55	47	48	53	70	53	59	39	52
66	90	58	69	63	45	68	61	60	57	65	54	54	47	54	68	53	54	46	52
66	82	57	68	73	41	68	76	61	57	69	54	50	49	53	58	54	60	46	53
66	86	57	56	61	45	53	72	60	59	67	53	51	49	54	69	55	60	51	54
48	86	57	69	72	45	71	72	59	58	62	56	52	49	52	70	56	60	45	53
66	82	58	56	72	45	71	72	43	58	68	54	54	49	55	68	47	59	49	53
66	82	59	68	61	45	53	74	61	58	68	55	52	49	52	59	55	59	48	45
51	82	58	58	71	46	72	73	61	52	68	54	50	50	52	69	57	59	39	47
66	89	58	69	74	44	70	61	61	58	68	53	53	49	55	69	47	59	47	54
68	82	59	67	73	44	70	74	62	58	60	51	48	49	55	71	52	60	46	54
68	81	59	60	74	45	64	77	59	58	69	54	51	49	52	70	54	59	48	54
66	84	57	68	72	46	71	74	43	58	69	55	54	43	55	67	57	60	46	53
68	87	58	56	73	44	71	74	62	44	67	56	54	48	55	70	58	59	45	55
66	83	57	68	54	45	71	75	62	53	67	52	54	49	54	70	55	59	43	53
51	83	59	56	74	41	69	73	62	58	65	53	52	49	55	67	56	61	47	52
66	83	58	68	73	45	53	74	61	58	70	55	54	46	54	70	57	60	45	52
68	82	56	69	62	44	71	61	60	58	71	55	52	48	54	71	56	60	46	52
66	84	58	68	72	46	71	75	61	57	70	54	47	49	53	70	39	60	44	53
65	86	59	68	61	46	71	72	61	58	70	53	56	48	55	69	39	60	48	55
64	84	58	58	73	44	68	74	62	58	63	55	53	49	53	59	51	60	47	54
54	84	57	56	72	44	70	75	60	58	71	44	52	49	50	70	55	61	46	51
68	81	57	58	73	47	70	77	60	52	60	54	53	49	52	70	54	60	47	52
66	87	58	57	74	44	71	74	62	57	63	54	55	48	52	68	51	45	49	53
66	73	58	68	72	43	68	75	60	57	68	54	54	50	53	66	55	60	42	52
68	82	57	59	73	44	70	67	62	57	60	55	55	49	54	66	57	60	39	52
66	83	57	65	72	45	61	73	61	58	70	55	54	50	54	59	52	59	47	51
66	84	57	65	71	46	70	76	61	59	70	44	55	49	53	69	54	59	42	53
66	83	58	67	72	45	70	74	62	58	69	53	55	50	51	71	39	60	44	44
68	82	55	69	74	45	68	74	52	59	69	52	51	49	55	68	55	59	48	40
48	84	53	56	73	45	70	74	62	58	70	56	54	49	54	70	53	60	47	53
64	84	47	57	72	45	70	73	60	52	66	54	54	46	50	58	55	53	51	54
66	83	56	68	72	45	70	74	62	44	69	54	47	49	53	71	56	59	47	53
67	83	58	70	72	47	69	75	61	58	60	48	54	49	53	71	53	59	47	53
48	86	55	70	72	45	68	76	61	58	70	55	54	49	53	70	55	59	45	52
66	82	55	67	73	45	68	74	62	58	68	55	42	50	54	67	55	54	48	52
66	82	57	70	73	45	71	66	61	59	70	52	52	35	52	61	51	59	48	52
48	90	57	68	71	45	72	71	60	59	69	55	52	49	55	58	57	60	48	54
63	83	58	69	61	46	53	67	61	57	68	55	52	49	55	61	57	60	48	53
65	84	56	67	72	44	66	76	62	58	71	51	55	50	52	70	39	60	42	55
64	84	58	68	62	46	69	61	61	57	65	53	56	49	50	70	55	59	45	51
66	90	58	70	74	45	70	75	62	59	67	55	49	49	53	59	39	59	45	53
54	82	57	68	71	46	71	75	60	57	68	55	56	51	51	70	58	45	45	42
62	86	56	60	63	44	70	76	61	53	67	55	49	48	50	71	56	52	45	54
48	82	57	65	63	45	70	68	62	59	68	54	52	49	52	70	56	61	47	53
67	85	57	69	73	46	71	76	43	58	69	54	51	49	55	59	54	55	46	54
66	90	58	67	54	45	70	75	61	57	68	55	55	49	52	68	57	60	45	47
66	81	57	57	73	44	72	73	61	59	71	47	42	50	51	70	57	59	47	53
66	81	54	68	73	45	69	74	43	57	68	54	54	50	54	60	52	59	46	52
64	81	59	68	63	45	72	72	61	57	67	54	52	49	54	70	57	54	49	40
54	81	56	65	72	46	70	77	63	52	68	52	51	49	55	59	53	45	49	52
66	83	57	68	73	45	69	66	62	53	68	44	54	49	54	59	47	59	44	47
66	84	58	68	72	41	66	76	61	57	70	55	54	48	50	71	55	60	43	53
65	82	58	68	71	44	68	76	60	44	68	52	51	46	55	70	53	59	48	53
68	81	59	69	73	45	69	71	53	44	66	54	51	50	56	59	52	59	45	54
68	83	59	57	62	47	69	72	60	53	67	54	52	50	53	58	57	59	50	40
66	83	51	70	73	45	65	73	61	58	68	44	52	48	54	69	55	60	48	52
48	84	57	56	72	45	70	75	62	53	68	53	54	49	52	71	46	53	45	53
66	87	56	68	71	45	69	67	60	57	60	55	54	49	54	67	54	60	47	47
66	87	60	69	72	45	60	74	61	58	70	44	54	51	54	67	53	60	48	55
65	82	58	69	62	44	63	68	62	58	67	54	50	35	53	58	57	59	45	47
66	83	55	69	73	46	71	75	61	53	72	55	54	49	38	71	55	60	46	53
54	81	58	60	74	45	70	74	61	58	70	54	54	48	52	69	54	60	48	53
66	83	56	67	73	45	68	73	61	57	60	52	52	49	54	67	54	59	47	52
66	82	58	65	74	47	70	74	62	44	68	54	47	49	53	68	57	59	46	52
68	78	58	68	73	44	68	75	60	59	60	51	48	49	54	69	54	60	44	55
66	78	56	68	71	45	68	73	60	58	60	56	54	49	53	69	56	60	46	54
68	89	58	69	74	45	70	77	61	58	70	53	52	43	56	67	52	60	50	40
66	85	53	57	72	45	68	75	60	53	60	54	56	48	51	59	53	59	47	52
66	83	56	60	73	45	69	75	60	58	68	47	54	49	52	70	56	60	45	52
66	82	58	68	73	44	68	74	53	58	66	56	42	49	53	70	54	60	45	52
67	82	58	68	74	43	69	73	60	57	67	56	54	43	54	67	53	59	45	40
66	84	59	69	72	45	71	75	61	58	70	54	52	49	54	69	39	60	42	54
54	82	57	60	72	44	70	74	61	59	70	52	54	49	53	68	56	60	45	54
68	87	59	70	74	45	71	75	43	58	71	54	53	49	55	69	55	60	46	54
66	86	58	67	72	44	69	61	62	57	70	53	52	49	53	59	53	53	46	53
66	83	57	65	54	45	71	67	61	58	67	54	54	49	53	71	57	60	44	52
66	81	57	67	73	41	69	74	62	58	72	53	54	49	53	71	55	52	45	52
66	83	57	59	72	46	70	73	61	54	65	52	54	35	53	61	55	59	45	53
68	84	58	68	72	44	71	73	61	58	70	53	51	44	55	70	58	59	39	53
66	86	59	58	61	45	67	76	60	58	63	55	52	49	55	59	55	59	44	54
68	82	58	69	71	46	72	74	62	59	69	54	53	49	54	69	46	62	37	40
66	82	47	69	72	46	70	76	62	58	72	55	54	49	51	68	57	60	41	51
68	86	59	68	74	46	71	75	60	58	68	44	52	49	53	70	54	59	47	52
66	85	56	69	72	44	72	61	61	57	69	55	53	50	53	70	55	60	46	52
68	82	56	68	63	44	70	76	62	58	71	52	54	35	54	70	45	59	47	53
68	83	57	60	61	45	71	73	61	53	68	54	52	49	54	61	46	60	45	53
66	85	57	68	72	46	71	61	61	58	68	47	54	49	53	66	53	60	47	52
66	81	56	68	72	45	71	75	61	57	60	54	55	49	55	70	56	59	45	52
68	82	58	69	54	45	70	67	60	53	69	54	52	49	54	67	57	60	46	53
66	87	56	69	73	45	53	73	60	59	69	55	49	49	53	61	55	62	47	55
