M_1	M_2	M_3	M_4	M_5	M_6	M_7	M_8	M_9	M_10	M_11	M_12	M_13	M_14	M_15	M_16	M_17	M_18	M_19	M_20
2.81	2.81	2.81	2.81	2.81	2.81	2.81	201.084077336201	2.81	2.81	2.80999999999971	76.3221196804942	2.81	2.81	2.81	2.81	2.81	2.80999999999979	2.81	2.81
2.81	2.81	2.81	2.81	2.81	122.684817549839	2.81	2.81	2.80999999999775	2.81	2.81	2.81	2.8099999999975	2.81	2.81	2.81	2.81	2.80999999999979	2.81	2.81
2.81	2.81	2.81	2.81	2.81	2.81	2.81	218.831852892948	2.80999999999775	2.81	2.80999999999995	2.81	2.81	2.81	2.81	154.299492694508	2.81	2.80999999999548	2.81	2.81
2.81	2.81	2.81	2.81	2.81	2.81000000001403	2.81	2.81	2.80999999999957	2.81	2.80999999999904	2.81	2.81	2.81	192.246996105821	2.81	2.81	2.81000000000139	2.81	193.163604894169
2.81	2.81	2.81	2.81	2.81	110.980419284082	165.467203715163	2.81	2.80999999999957	2.81	2.81	2.81	2.81	178.773605617621	2.81	2.81	2.81	2.80999999999979	98.8845078296481	210.052226087102
2.81	2.81	2.81	251.936711187612	2.81	2.81000000001403	2.81	2.81	2.80999999999957	2.81	2.81	70.3596961224387	2.81	2.81	2.81	2.81	2.81	2.80999999999865	2.81	2.81
2.81	2.81	2.81	2.81	2.81	122.684817549839	2.81	201.084077336201	2.81000000000011	2.81	172.149825590537	2.81	2.81	2.81	2.81	2.81	2.81	2.81	2.81	210.052226087102
2.81	2.81	2.81	2.81	2.81	2.81000000001403	2.81	2.81	2.81	2.81	2.80999999999904	70.3596961224387	2.80999999955806	2.81	192.246996105821	2.81	2.81	2.80999999999912	2.81	2.81
2.81	2.81	2.81	2.81	2.81	2.81	2.81	2.81	2.80999999999957	2.81	187.603350729886	2.81	2.81	2.81	2.81	2.81	2.8099999999975	2.81	2.81	2.8099999999975
2.81	2.81	146.568884912462	2.81	197.860229003581	2.81	2.81	2.81	2.80999999999957	2.81	2.80999999999904	76.3221196804942	2.80999999955806	2.81	2.81	2.81	2.81	2.80999999999865	2.81	2.81
2.81	2.81	2.81	2.81	2.81	2.81	2.81	2.81	2.80999999999933	2.81	2.80999999999813	2.81	102.351346663381	2.81	2.81	2.81	2.81	2.80999999999866	101.566132254784	2.81
2.81	2.81	2.81	2.81	197.860229003582	2.81	2.81	218.831852892948	2.80999999999594	2.81	2.80999999999995	2.81	2.81	2.81	2.81	2.81	2.81	2.81000000000002	2.81	2.81
2.81	2.81	2.81	2.81	2.81	122.684817549839	2.81	2.81	2.80999999999957	2.81	2.8099999999817	2.81	2.80999999998671	2.81	2.81	154.299492694508	2.81	2.80999999999923	2.81	2.8099999999975
2.81	2.81	2.81	2.81	197.860229003582	2.81	167.930179658141	2.81	2.81	2.81	2.81000000000177	2.81	2.81	2.81	2.81	2.81	2.81	2.81	2.81	2.81
150.37731450514	2.81	2.81	2.81	2.81	2.81	2.80999999999119	201.084077336201	2.80999999999912	2.81	172.149825590537	2.81	2.81	2.81	2.81	2.81	2.81	2.81	2.81	2.81
2.81	2.81	2.81	2.81	2.81	2.81	2.81	2.81	178.185467511035	2.81	2.81	2.81	2.81	2.81	2.81	2.81	161.919326826418	2.81	2.81	2.81
2.81	2.81	2.81	2.81	197.860229003582	2.81	167.930179658141	2.81	2.80999999999957	2.81	172.149825590537	2.81	2.81	2.81	2.8099999999975	2.8099999999975	2.81	2.81	2.81	210.052226087102
2.81	2.81	2.81	2.81	2.81	2.81	2.81	2.81	2.81	2.81	2.81	2.81	2.8099999999975	2.81	2.81	2.81	2.81	2.80999999999944	101.566132254784	210.052226087102
2.81	2.81	2.81	2.81	2.81	2.81	2.81	218.831852892948	2.80999999999957	2.81	2.81	2.81	2.81	2.81	2.81	2.80999999999787	161.919326826421	2.80999999999866	2.81	2.81
2.81	2.81	2.81	2.81	2.81	2.81	2.81	2.81	2.81	2.81	187.603350729886	2.81	2.81	2.81	2.81	2.81	2.81	2.80999999999797	2.81	2.81
2.81	2.81	2.81	251.936711187612	2.81	2.81000000001403	165.467203715163	2.80999999999787	2.80999999999912	2.81	2.81	2.81	2.80999999980545	2.81	195.236186057691	2.81	161.919326826421	2.80999999999979	2.81	2.8099999999975
2.81000000002219	2.81	2.81	2.81	2.81	2.81	165.467203715163	2.81	178.185467511035	2.81	174.867257672239	2.81	2.81	173.952184291277	2.81	2.81	2.81	2.80999999999797	2.81	2.81
2.81000000002219	2.81	2.81	248.179874642997	2.81	2.81	2.81	2.81	2.80999999999957	125.727989425974	2.80999999999995	2.81	2.81	173.952184291277	2.81	2.81	2.81	2.80999999999977	2.81	2.81
2.81	2.80999999999787	2.81	2.81	216.59282264349	2.81000000001403	2.81	2.81	2.81	107.973713994882	2.80999999999904	2.81	2.8099999999975	173.952184291277	2.81	2.81000000002219	2.81	2.80999999999865	2.81	2.81
116.18875230151	2.81	2.81	2.81	2.81	122.684817549839	2.81	2.81	2.81	2.81	2.80999999999904	2.81	2.81	2.81	2.81	2.81	2.81	2.80999999999979	2.81	2.81
2.81	2.81	2.81	248.179874642998	2.81	2.81	167.930179658141	2.81	2.80999999999957	2.81	172.149825590536	70.3596961224387	2.80999999999787	2.81	2.81	2.81	2.81	2.81	2.81	2.81
2.81	245.495662251097	2.81	2.81	2.81	2.81	2.81	218.831852892948	2.80999999999912	2.81	2.81	2.81	2.81	2.81	2.81	2.81	2.81	2.8099999999946	2.81	2.81
2.81	2.81	2.81	2.81	2.81	2.81	2.81	2.81	2.81	2.81	2.81	2.81	2.81	2.81	2.81	2.81	161.900800888652	2.81	2.81	2.81
2.81	2.81	2.81	2.81	197.860229003582	2.81	2.81	2.81	2.80999999999866	2.81	2.8099999999975	2.81	2.81	2.81	2.81	2.81	161.900800888652	2.81	2.81	2.81
2.81	2.81	2.81	248.179874642997	2.81	2.81	2.81	2.81	2.80999999999957	2.81	174.867257672239	2.81	2.80999999955806	2.81	2.81	186.128694045746	161.919326826418	2.81000000000002	2.81	2.81
116.18875230151	2.81	2.81	2.81	2.81	2.81	2.81	2.81	2.81	2.81	2.80999999999904	76.3221196804942	2.80999999955806	2.81	195.236186057691	2.81	2.81	2.81000000000092	2.81	2.81
2.81	2.8099999999975	2.81	232.2384675238	2.81	2.81000000001403	2.81	2.81	2.80999999999912	107.973713994882	187.603350729886	2.81	2.80999999998671	2.81	2.81	2.81	2.81	2.80999999999865	2.81	210.052226087102
2.81	241.528055588452	2.81	2.81	2.81	2.81	2.81	2.81	2.80999999999957	2.81	2.80999999999787	2.81	2.81	2.81	2.81	2.81	2.81	187.092376998481	2.80999999999787	2.81
2.81	283.062594417095	2.81	2.81	2.81	2.81	165.467203715163	2.81	2.80999999999957	2.81	2.81000000000177	70.3596961224385	2.8099999999975	2.81	2.81	2.81	2.81	2.80999999999944	98.8845078296479	2.81
2.81	2.81	2.81	248.179874642998	2.81	2.81	2.81	183.108810934106	2.80999999999957	2.81	174.867257672239	2.81	2.81	2.81	2.81	2.81	2.81	2.81	101.566132254784	2.81
2.81	2.81	2.81	2.81	2.81	2.81	165.467203715163	2.81	2.80999999999957	2.81	2.81	2.81	2.81	2.81	2.81	186.128694045746	146.285663323534	2.8099999999973	2.81	2.81
2.81	2.81	2.81	2.81	2.81	2.81	2.80999999999119	201.084077336201	2.81	2.81	2.81	76.3221196804942	2.8099999999975	2.81	2.81	2.81	2.81	2.80999999999979	98.8845078296479	2.81
2.81	2.81	2.81	2.81	2.81	2.81	2.81	2.81	2.80999999999912	2.81	2.80999999999995	2.81	2.80999999955806	2.81	2.81	2.81	161.900800888652	2.81	2.81	210.052226087102
2.81	2.81	2.81	2.81	2.81	2.81	2.81	2.81	2.80999999999912	2.81	2.81	2.81	2.81	2.81	2.81	2.81	2.81	2.81	2.81	204.071241698598
150.37731450514	2.80999999999787	2.81	248.179874642998	2.81	2.81	2.81	2.81	2.80999999999957	2.81	2.80999999999995	2.81	2.81	173.952184291277	2.81	2.81	161.919326826418	2.8099999999975	2.81	2.81
2.81	2.81	170.665756498082	232.186410046858	2.81	2.81000000001403	2.81	2.81	2.80999999999957	2.81	2.81	2.81	2.80999999745233	2.81	2.81	2.81	2.81	2.80999999999797	2.81	2.81
2.81	2.81	2.81	2.81	2.81	2.81	2.81	2.81	2.80999999999775	125.727989425974	2.81	2.81	2.81	2.81	2.81	2.81	2.81	2.80999999999944	2.81	2.81
2.81	2.81	2.81	2.81	2.81	2.81	2.81	2.81	2.80999999999957	2.81	187.603350729886	70.3596961224387	2.80999999955806	2.81	2.81	2.8099999999975	2.81	2.81	2.81	2.81
150.37731450514	2.81	146.568884912462	2.81	2.81	2.81	2.81	2.80999999999787	2.81	2.81	2.81	2.81	2.81	2.81	2.81	2.81	2.81	2.80999999999912	2.81	2.81
2.81	2.81	2.81	2.81	2.81	2.81	165.467203715163	2.81	2.80999999999866	2.81	2.81	2.81	99.6810867944461	2.81	2.81	172.600946939836	2.81	2.80999999999957	2.81	210.052226087102
2.81	2.81	2.81	2.81	2.81	2.81	2.81	201.084077336201	2.80999999999866	2.81	2.80999999999995	2.81	2.8099999999975	178.773605617621	2.81	172.044627575865	2.81	2.81	2.81	2.81
150.37731450514	2.81	2.81	2.81	2.81	2.81000000001403	2.81	201.084077336201	2.80999999999979	2.81	2.80999999999859	2.81	2.81	2.81	2.81	172.044627575865	2.81	2.80999999999923	2.81	2.81
2.81	2.81	2.81	2.81	2.81	2.81	167.930179658141	2.81	2.81	2.81	2.81	2.81	2.81	2.81	2.81	172.600946939836	2.81	2.81	2.81	2.81
2.81000000002219	2.81	2.81	2.81	2.81	2.81	2.81	2.81	2.80999999999946	2.81	2.81	70.3596961224387	2.8099999999975	2.81	2.81	2.81	161.900800888652	2.8099999999975	2.81	2.81
2.81	2.81	2.81	2.81	197.860229003581	2.81000000001403	2.81	218.831852892948	2.80999999999866	2.81	174.867257672239	2.81	2.80999999745233	2.81	195.236186057691	2.81	2.81	2.81	2.81	2.81
2.81	2.81	2.81	2.81	2.81	2.81	2.81	2.81	2.80999999999957	2.81	2.81	2.81	2.81	2.81	2.81	172.600946939836	161.900800888652	2.81	2.81	2.8099999999975
116.18875230151	2.81	2.81	2.81	2.81	2.81000000001403	2.81	2.81	2.80999999999957	2.81	2.81	2.81	2.81	2.81	2.81	2.81	2.81	187.092376998481	2.81	210.052226087102
2.81	2.81	2.81	251.936711187612	2.81	2.81	2.81	2.81	2.80999999999957	2.81	2.81	2.81	2.80999999998671	173.952184291277	2.81	2.81	2.81	2.80999999999866	2.81	2.81
150.37731450514	2.81	2.81	2.81	197.860229003581	2.81	2.81	201.084077336201	2.80999999999957	2.81	2.81	2.81	2.81	2.81	2.81	2.81	2.81	2.80999999999957	2.81	2.81
2.81	2.81	2.81	2.81	2.81	2.81000000001403	2.81	2.81	178.185467511035	2.81	2.80999999999904	2.81	2.8099999999975	2.81	2.81	172.600946939836	2.81	2.80999999999957	2.81	2.81
2.81	2.81	2.81	2.81	216.59282264349	2.81	2.81	2.81	2.81	2.81	2.81000000000017	2.81	2.81	2.81	2.81	2.81000000002219	2.81	2.80999999999912	2.81	210.052226087102
2.81	2.81	2.81	2.81	2.81	2.81000000001403	2.81	2.81	2.80999999999866	2.81	2.81	70.3596961224387	99.6810867944461	2.81	2.81	2.81	2.81	2.80999999999944	2.81	2.81
2.81	2.81	2.81	2.81	2.81	110.980419284082	2.81	2.81	178.185467511035	2.81	2.81	2.81	2.8099999999975	2.81	2.81	154.301535229183	161.919326826418	2.80999999999978	2.81	2.8099999999975
2.81	2.81	2.81	2.81	197.860229003581	2.81	2.81	2.81	2.81	2.81	172.149825590536	2.81	2.81	2.81	2.81	2.81	2.81	2.80999999999957	2.81	204.071241698598
2.81	2.81	2.81	2.81	2.81	2.81	2.81	2.81	2.81	107.973713994882	2.81	2.81	2.81	2.81	2.81	172.600946939836	2.81	187.092376998481	2.81	210.052226087102
2.81	2.81	2.81	2.81	2.81	2.81	2.81	2.81	2.80999999999957	2.81	2.81	76.3221196804942	2.81	2.81	2.81	172.044627575865	2.81	2.80999999999797	2.81	210.052226087102
2.81000000002219	2.81	2.81	2.81	2.81	2.81	2.81	2.81	2.81	125.727989425974	2.81	2.81	2.81	173.952184291277	2.81	2.81	2.81	2.80999999999797	2.81	2.8099999999975
2.81	2.81	2.81	2.81	2.81	2.81	2.81	2.81	2.81	2.81	187.603350729886	2.81	2.81	2.81	2.81	2.81	2.81	2.80999999999962	2.81	2.8099999999975
2.81	2.81	2.81	2.81	197.860229003581	2.81	2.81	2.81	2.81	2.81	2.81	2.81	2.8099999999975	2.81	2.81	172.600946939836	2.81	2.8099999999975	2.81	204.071241698598
150.37731450514	2.81	2.81	2.81	2.81	2.81	2.81	2.81	2.80999999999957	107.973713994883	2.81	2.81	2.8099999999975	2.81	2.81	2.8099999999975	2.81	2.80999999999775	2.81	2.81
2.81	2.81	2.81	2.81	2.81	122.684817549839	165.467203715163	2.81	2.80999999999957	2.81	2.81	2.81	2.8099999999975	2.81	195.236186057691	172.044627575865	2.81	2.81000000000002	2.81	2.81
2.81	2.81	2.81	2.81	2.81	2.81	2.81	2.81	2.80999999999957	2.81	2.81	2.81	2.80999999745233	173.952184291277	2.81	2.81	2.81	2.81	2.80999999999989	204.071241698598
2.81	2.81	2.81	2.81	2.81	2.81	2.81	2.81	2.81	2.81	2.81	2.81	2.81	178.773605617621	2.81	2.81	2.81	2.80999999999866	2.81	210.052226087102
116.18875230151	2.81	2.81	251.936711187612	2.81	2.81000000001403	2.81	2.81	2.80999999999957	2.81	2.81000000000017	2.81	2.80999999745233	2.81	195.236186057691	2.81	2.81	2.81	2.81	2.81
2.81	2.81	2.81	2.81	2.81	2.81000000001403	2.81	2.81	2.81	2.81	2.81	2.81	2.81	2.81	192.246996105821	2.81	2.81	2.80999999999979	2.81	2.81
2.81	2.81	2.81	2.81	2.81	2.81	2.81	2.81	2.80999999999866	125.727989425974	2.81	2.81	2.81	2.81	2.81	2.81	2.81	2.80999999999944	2.81	2.81
2.81	2.81	146.568884912461	2.81	2.81	2.81	2.81	2.81	2.81	2.81	187.603350729886	2.81	2.81	2.81	2.81	2.81	2.81	2.80999999999865	2.81	2.81
2.81	2.81	2.81	248.179874642998	2.81	2.81000000001403	2.81	2.81	2.80999999999957	2.81	187.603350729886	2.81	2.8099999999975	2.81	2.81	2.81	2.81	2.80999999999797	2.81	2.81
2.81	2.81	2.81	251.936711187612	2.81	2.81	2.81	2.81	2.80999999999957	2.81	2.81	70.3596961224387	2.8099999999975	2.81	2.81	2.81	2.81	2.80999999999844	2.81	2.81
2.81	2.81	2.81	2.8100000000302	2.81	2.81000000001403	165.467203715163	2.81	2.80999999999957	2.81	2.80999999999859	76.3221196804942	2.8099999999975	2.81	2.8099999999975	154.299492694508	2.81	2.80999999999957	2.81	210.052226087102
2.81	2.81	2.81	2.81	2.81	2.81	2.81	2.81	2.80999999999957	2.81	172.149825590537	2.81	99.6810867944461	2.81	2.81	2.81	2.81	2.80999999999866	2.81	2.81
2.81	2.81	2.81	2.81	2.81	2.81	2.81	201.084077336201	2.80999999999787	2.81	187.603350729886	2.81	2.81	2.81	2.81	2.81	2.81	2.80999999999866	2.81	210.052226087102
2.81	2.81	2.81	2.81	2.81	2.81	2.81	2.81	2.81000000000139	125.727989425974	2.81	2.81	2.81	2.81	2.81	2.81	161.919326826419	2.80999999999831	2.81	2.81
2.81	2.81	2.81	2.81	2.81	2.80999999999787	165.467203715163	2.81	2.81	2.81	2.81	76.3221196804942	2.81	173.952184291277	2.81	2.81	2.81	2.81	2.81	210.052226087102
2.81	2.81	146.568884912461	2.81	2.81	2.81	2.81	2.81	2.80999999999866	2.81	187.603350729886	2.81	2.81	2.81	2.81	2.81	2.81	2.80999999999797	2.81	2.81
2.81	2.81	2.81	2.81	2.81	2.81	2.81	218.831852892948	2.80999999999932	2.81	2.80999999999904	2.81	2.81	2.81	2.81	2.81	2.81	2.80999999999957	2.81	2.81
116.18875230151	2.81	2.81	251.936711187612	2.81	2.81000000001403	2.81	2.81	2.81	2.81	2.81	2.81	2.81	2.81	2.81	2.81	2.81	2.81	2.81	2.81
2.80999999999926	2.81	2.81	2.81	2.81	2.81	2.81	2.81	2.81	2.81	2.80999999999948	2.81	2.81	2.81	2.81	2.81000000002219	161.900800888652	2.81	2.81	2.81
2.81	2.81	2.81	2.81	2.81	122.684817549839	2.80999999999787	2.81	2.81	2.81	2.80999999999904	70.3596961224387	2.8099999999975	2.81	2.81	2.81	2.81	2.80999999999957	2.81	2.81
2.81000000002219	2.81	2.81	232.2384675238	180.51499396624	2.81000000001403	2.81	2.81	178.185467511035	2.81	2.81	2.81	2.81	173.952184291277	2.81	2.81	2.81	2.80999999999905	98.8845078296479	2.8099999999975
2.81	2.81	2.81	2.81	180.51796780104	2.81	2.81	2.81	2.80999999999866	2.81	2.80999999999859	2.81	2.80999999955806	173.952184291277	2.81	2.81	2.81	2.80999999999865	2.81	204.071241698598
2.81	2.81	2.81	2.81	2.81	2.81	2.81	2.81	2.80999999999933	2.81	2.80999999999813	2.81	2.81	2.81	2.81	2.80999999999787	161.919326826419	2.8099999999975	2.81	204.071241698598
2.81	2.81	2.81	248.179874642997	2.81	2.81	2.81	2.81	2.81	2.81	174.867257672239	2.81	2.80999999998671	2.81	2.81	186.128694045746	2.81	2.80999999999865	2.81	2.81
2.81	2.81	2.81	2.81	216.59282264349	2.81000000001403	2.81	201.084077336201	2.80999999999957	107.973713994882	2.81	2.81	2.81	2.81	2.81	2.8099999999975	2.81	2.81	2.81	2.81
2.81	2.81	2.81	2.81	2.81	2.81	2.80999999999119	218.831852892948	2.80999999999912	2.81	172.149825590536	2.81	2.81	2.81	2.81	2.8099999999975	2.81	2.80999999999844	98.8845078296479	210.052226087102
2.81	2.81	2.81	2.81	2.81	110.980419284082	2.81	2.81	2.81	2.81	2.80999999999904	2.81	2.81	173.952184291277	2.81	2.81	2.81	2.81	101.566132254784	2.81
2.81	2.81	2.81	2.81	2.8099999999975	2.81	167.930179658141	2.81	2.80999999999912	2.81	2.81	2.81	2.81	2.81	2.81	172.600946939836	2.81	2.81	2.81	2.81
2.81	2.81	2.81	2.81	2.81	2.81	2.81	218.831852892948	2.80999999999912	2.81	2.80999999999904	70.3596961224385	2.81	2.81	2.81	2.81	2.81	2.81	2.81	2.81
2.81	2.80999999999787	2.81	251.936711187612	2.81	2.81	2.81	2.81	2.81	107.973713994882	2.81	2.81	2.81	2.81	2.81	2.81	161.919326826418	2.8099999999975	2.81	2.8099999999975
2.81	2.81	2.81	2.81	2.81	2.81	2.81	2.81	2.81	2.81	172.149825590537	2.81	2.81	178.773605617621	2.81	172.044627575865	2.81	2.80999999999944	2.81	2.81
2.81	2.81	170.665756498082	2.81	2.81	2.81	2.81	2.81	2.80999999999957	2.81	174.867257672239	2.81	2.80999999998671	2.81	195.236186057691	2.81	2.81	2.80999999999955	2.81	2.81
2.81	245.495662251097	2.81	2.8100000000302	2.81	2.81000000001403	2.81	2.81	2.81	2.81	2.80999999999904	76.3221196804942	2.81	173.952184291277	2.81	2.81	2.81	2.80999999999797	2.80999999999787	2.81
2.81	2.81	2.81	2.81	216.59282264349	2.81	2.81	201.084077336201	2.81	2.81	2.80999999999995	2.81	2.80999999745233	2.81	2.81	2.81	2.81	2.80999999999912	2.81	2.8099999999975
2.81	2.81	2.81	2.81	197.860229003581	2.81	2.81	2.81	2.80999999999912	2.81	2.8099999999995	2.81	2.8099999999975	178.773605617621	2.81	2.81	2.81	2.80999999999865	2.81	2.81
2.81	2.81	146.568884912461	2.81	2.81	2.81	2.81	2.81	2.80999999999957	2.81	187.603350729886	2.81	2.8099999999975	2.81	2.81	2.81	2.81	2.80999999999797	2.81	2.81
