M_1	M_2	M_3	M_4	M_5	M_6	M_7	M_8	M_9	M_10	M_11	M_12	M_13	M_14	M_15	M_16	M_17	M_18	M_19	M_20
66	87	68	90	74	62	76	84	75	64	76	48	56	66	76	73	70	66	60	68
63	86	68	90	76	53	76	83	70	65	79	55	55	66	76	69	71	66	60	68
66	91	72	97	74	62	84	67	70	62	82	54	56	64	72	68	66	68	57	69
63	83	72	90	74	62	76	84	70	63	73	55	57	66	54	73	71	65	60	67
63	85	68	94	75	66	82	84	70	61	79	52	66	57	76	68	71	66	57	65
66	84	72	87	74	56	90	87	70	65	73	47	57	66	67	73	72	66	58	68
63	84	70	94	70	53	76	84	72	65	65	54	56	71	67	68	70	67	60	68
63	83	72	94	76	65	76	84	61	65	71	47	56	66	54	72	66	67	60	69
63	86	72	94	74	62	76	84	70	65	66	54	71	66	76	69	71	67	60	67
63	85	70	94	60	62	76	97	70	63	81	48	56	66	76	68	71	66	60	77
66	83	72	90	76	62	76	87	67	65	75	55	63	66	76	73	70	65	48	68
63	85	72	90	61	62	76	67	64	65	76	54	55	66	76	69	71	70	58	69
63	85	72	90	74	53	76	87	70	65	74	54	60	66	76	68	70	66	60	68
63	83	71	98	61	57	72	97	75	61	70	52	54	70	70	68	73	67	55	74
61	83	72	94	74	62	76	83	64	65	64	55	63	66	76	72	71	63	60	69
63	83	72	97	76	62	76	78	56	65	81	54	57	66	76	69	67	67	60	68
63	83	74	94	61	63	72	84	70	65	64	55	63	69	74	72	68	67	58	65
67	85	72	90	76	62	76	84	75	61	81	55	55	66	76	69	71	65	48	65
66	91	72	90	74	62	84	67	70	65	79	55	58	64	76	68	66	67	60	68
63	83	72	94	74	62	76	84	76	65	66	54	71	66	76	72	70	66	60	68
66	91	72	87	76	62	80	86	63	63	77	53	54	66	70	69	66	66	60	70
67	83	72	90	76	62	82	84	56	65	68	54	57	70	67	74	70	66	60	69
65	87	68	81	76	62	82	84	70	56	82	55	65	70	68	75	70	66	60	69
66	91	72	97	69	62	76	78	61	66	79	53	56	70	72	66	70	66	55	69
62	83	72	103	75	53	79	84	71	65	71	54	57	66	76	69	71	66	60	69
63	88	74	89	75	59	72	97	60	61	66	47	53	74	70	68	73	65	56	74
63	88	70	90	70	60	76	67	66	65	81	54	58	66	76	73	71	66	57	68
63	83	74	94	76	57	82	84	75	65	75	54	71	69	70	69	53	68	58	68
63	83	74	94	61	57	80	95	67	65	79	54	56	70	70	73	53	67	58	69
60	87	72	81	76	62	76	84	70	65	66	54	56	66	76	59	67	66	60	69
62	83	72	92	74	57	76	84	75	65	71	48	56	71	69	69	66	61	60	69
63	85	72	90	70	62	76	95	65	65	66	53	66	66	67	69	71	62	60	65
66	87	72	97	74	62	76	84	70	65	73	54	57	66	76	73	65	53	54	69
66	72	72	90	76	62	82	87	70	64	72	49	54	71	67	73	70	65	56	69
66	83	68	89	74	62	82	66	70	65	68	55	55	66	76	72	71	66	48	69
60	83	72	94	70	62	80	84	64	65	82	54	56	66	76	59	69	63	60	68
63	85	72	90	76	62	76	84	75	63	79	48	55	66	76	72	71	66	56	69
63	83	74	90	76	57	80	78	64	65	74	54	55	69	67	69	53	67	59	68
63	83	71	103	76	60	83	84	65	65	82	54	66	66	76	73	71	67	58	56
61	86	70	89	76	62	76	84	62	60	79	54	56	70	76	69	67	66	60	69
63	85	60	90	76	62	76	84	70	61	79	54	56	66	76	73	71	66	60	69
63	83	72	90	74	62	76	84	70	56	81	54	68	66	76	73	71	65	60	68
63	83	69	94	75	62	76	84	70	65	66	47	56	66	76	69	71	67	60	69
61	83	70	103	76	62	76	86	76	65	75	54	55	71	76	69	71	66	60	68
63	83	68	90	74	60	82	84	62	61	73	55	55	67	67	70	71	71	55	65
63	87	72	94	74	62	76	84	71	65	75	54	55	57	76	70	70	67	60	69
61	84	72	90	76	58	76	83	59	61	73	54	55	67	66	70	70	66	60	69
63	83	74	94	70	57	72	95	75	65	79	54	57	69	70	68	73	67	58	69
65	87	74	94	74	57	80	84	64	64	79	47	55	69	70	75	53	67	62	74
61	83	72	94	60	62	81	67	62	65	64	54	56	66	70	73	71	63	60	68
63	83	74	90	74	57	80	84	70	65	79	55	63	69	70	70	53	67	58	68
63	85	72	90	75	65	90	84	70	63	79	54	56	71	67	69	71	53	60	65
65	83	72	87	75	62	76	84	70	63	78	54	66	70	76	69	70	66	60	68
61	85	71	94	60	62	76	84	70	65	78	51	53	71	66	69	71	64	58	68
63	85	71	98	70	58	82	84	56	65	79	53	53	66	67	70	70	69	58	66
64	87	72	94	69	62	76	87	75	65	74	55	56	66	76	69	71	64	60	68
63	87	72	98	76	62	79	84	70	61	73	47	55	71	66	73	71	65	58	69
66	83	69	94	74	60	84	84	56	65	76	55	55	66	76	70	67	64	60	68
67	87	68	90	63	62	76	97	75	65	64	55	55	71	76	73	71	71	58	56
66	83	72	90	76	62	76	84	76	65	79	54	55	66	76	70	71	53	58	65
63	83	72	94	76	62	79	78	70	65	79	48	55	66	76	70	65	66	60	65
65	83	72	94	76	62	82	84	75	56	78	54	55	70	76	69	71	66	60	68
63	83	68	94	74	62	82	84	71	65	66	55	71	66	76	69	70	65	60	68
63	85	72	94	60	62	76	87	71	61	75	55	55	66	76	70	71	66	60	56
61	87	72	96	74	62	76	84	70	66	79	54	55	66	76	69	70	62	60	69
63	88	72	94	76	53	80	78	65	65	79	55	55	64	69	70	71	68	55	69
65	85	72	94	75	62	76	84	70	65	79	54	56	70	76	69	70	67	57	56
67	83	72	94	70	62	83	97	64	65	74	54	66	57	76	68	71	66	60	65
62	85	72	87	70	62	76	97	70	65	76	51	56	66	70	68	66	67	60	68
63	86	72	90	76	62	76	84	64	60	79	54	56	66	54	73	70	66	60	68
63	83	72	94	76	62	76	84	71	56	81	54	68	66	76	69	71	65	60	69
63	83	71	94	70	62	76	84	75	65	66	51	54	71	66	68	66	66	60	77
63	83	71	89	74	65	76	84	70	63	66	55	55	66	67	68	70	66	58	69
63	84	72	87	74	62	79	84	70	65	82	47	55	66	76	69	70	66	60	69
66	83	68	96	74	56	80	84	62	65	81	48	55	64	71	67	65	68	60	68
63	86	69	94	74	62	76	87	67	63	67	54	55	64	67	67	65	67	57	66
66	84	70	90	74	60	76	84	76	65	66	54	63	66	76	69	71	65	60	68
63	83	72	90	76	62	76	83	72	56	79	55	57	66	76	69	66	66	60	68
65	83	70	98	76	64	80	84	75	61	79	48	66	70	66	69	70	67	55	68
63	83	71	90	74	62	76	84	64	65	66	54	56	71	76	69	68	66	60	77
66	83	72	101	74	62	90	67	61	65	73	52	67	66	76	68	70	71	58	77
62	83	68	87	76	56	76	84	75	61	71	53	57	66	76	69	70	67	60	66
65	88	74	90	76	57	80	87	75	65	79	55	56	69	70	66	53	67	62	68
66	87	68	94	70	53	76	84	61	65	79	47	55	66	76	69	71	65	60	69
67	88	72	90	60	62	76	84	56	65	79	55	55	70	71	74	70	63	56	67
65	84	72	94	62	62	76	84	64	65	76	54	56	70	67	65	70	66	60	56
63	83	72	94	76	62	82	84	67	63	80	54	55	66	76	71	66	67	57	56
66	84	71	81	70	62	79	87	75	65	66	54	66	71	66	59	70	62	60	74
65	85	68	90	69	65	76	84	70	66	73	51	54	72	67	75	70	62	58	77
63	86	70	101	76	62	76	67	70	65	67	54	67	66	76	69	71	66	56	68
67	85	72	94	76	66	79	84	75	65	73	54	67	68	76	69	71	67	48	69
63	83	74	90	75	62	72	84	70	65	79	55	63	69	70	68	68	67	58	69
63	92	70	94	76	63	76	67	64	65	79	49	57	66	76	73	66	63	60	69
63	84	70	87	76	62	76	83	75	66	79	55	57	66	76	69	67	66	60	67
63	83	68	103	76	60	76	87	75	63	67	52	56	57	76	70	71	65	60	77
64	88	60	101	76	62	83	84	65	65	64	52	66	66	69	73	68	67	55	77
65	90	71	98	70	58	76	97	75	63	81	48	55	68	76	69	71	66	51	69
64	85	72	94	69	62	79	83	75	65	78	54	56	66	76	75	71	64	58	68
63	83	70	90	63	62	82	84	64	65	74	54	54	57	76	69	70	66	60	69
63	83	71	105	76	62	76	84	70	65	66	55	54	66	76	73	71	66	60	68
