M_1	M_2	M_3	M_4	M_5	M_6	M_7	M_8	M_9	M_10	M_11	M_12	M_13	M_14	M_15	M_16	M_17	M_18	M_19	M_20	M_21	M_22	M_23	M_24
62	84	67	88	72	75	83	68	62	67	77	68	72	71	47	55	65	75	69	71	65	64	57	68
62	83	60	91	63	75	83	68	62	67	73	68	72	77	53	54	65	75	69	71	69	66	59	67
62	84	69	88	61	78	83	68	62	73	73	68	72	81	53	62	65	75	69	56	67	65	59	68
62	72	69	88	74	80	83	65	62	68	73	75	72	77	55	55	65	75	69	66	69	66	56	66
64	83	67	91	74	75	83	74	62	76	73	68	72	65	53	57	70	53	66	66	67	66	56	69
65	85	70	88	74	80	80	68	62	70	73	68	72	77	53	54	67	74	68	66	60	66	56	68
62	84	69	95	74	75	85	75	62	68	73	68	73	77	52	66	65	75	69	71	65	65	56	68
65	85	66	100	69	90	77	68	69	75	71	64	72	73	53	54	65	66	66	70	72	67	59	68
65	83	71	88	72	75	85	74	62	70	73	68	72	72	55	55	65	53	66	66	69	65	59	65
62	83	71	91	72	75	85	75	62	70	72	68	72	80	53	62	65	75	69	66	67	64	46	66
61	87	71	91	72	82	83	74	62	68	77	68	74	77	53	57	64	74	69	70	67	65	56	68
62	88	69	88	72	75	82	62	62	70	70	68	72	77	52	55	65	71	69	69	67	68	59	66
62	83	69	88	72	75	83	65	62	68	73	68	72	77	47	54	65	75	69	67	65	58	59	66
63	83	66	91	69	78	83	68	60	62	73	67	72	71	51	53	65	75	69	70	67	65	59	66
61	88	69	88	72	75	83	65	62	67	72	67	72	64	49	54	65	75	69	71	67	64	59	68
62	83	69	96	72	75	83	69	51	68	73	68	72	73	53	54	65	75	69	70	67	66	59	67
62	83	69	91	63	75	83	54	62	67	77	67	72	77	53	61	65	75	69	66	69	65	59	68
62	83	65	88	74	76	83	69	62	68	73	68	80	71	55	52	67	68	68	66	69	64	53	66
62	85	66	91	72	75	96	69	62	68	73	74	80	79	55	55	65	75	69	68	71	66	59	53
62	84	66	88	72	78	83	74	62	70	73	74	72	77	52	53	65	75	69	66	69	66	59	68
63	83	68	95	74	79	83	74	62	67	73	68	72	77	55	54	67	68	60	70	72	68	56	67
62	84	69	87	72	78	85	65	62	70	72	67	72	77	53	61	65	75	66	71	67	65	59	66
62	83	69	81	72	75	85	68	60	67	77	64	72	72	53	54	65	75	69	71	66	66	59	68
62	84	69	91	72	80	85	68	62	68	73	74	72	73	53	55	52	75	69	76	66	66	59	66
64	83	69	92	61	78	83	68	62	62	73	72	73	71	51	53	65	75	66	67	71	61	59	67
59	83	66	89	72	75	83	68	62	72	73	68	76	69	53	54	70	75	66	73	67	66	59	68
61	83	70	91	72	78	83	68	62	68	73	75	72	80	53	53	65	75	70	66	67	65	56	68
62	83	69	91	72	75	83	74	69	69	73	74	72	77	53	54	65	75	69	66	69	58	59	66
65	83	69	91	74	82	85	58	62	72	73	68	72	64	53	53	70	75	69	73	67	63	54	68
62	85	69	91	74	78	66	65	58	74	73	68	72	73	53	62	65	75	70	66	67	67	59	66
62	72	66	91	69	75	85	62	62	66	72	72	72	71	53	66	65	75	71	66	67	65	59	65
61	83	69	91	69	75	83	68	62	68	73	68	72	74	55	55	70	75	69	73	67	68	59	66
59	83	70	91	74	76	83	63	62	67	72	68	72	77	55	53	67	76	66	70	69	65	56	68
63	87	70	91	72	82	83	74	62	67	76	68	72	80	51	53	67	68	73	67	60	66	56	68
63	86	69	96	72	75	94	60	62	74	73	68	72	77	51	54	52	75	69	66	67	66	59	68
61	84	69	100	63	75	83	68	62	68	73	68	72	79	53	54	65	70	66	66	67	66	59	68
64	87	69	91	63	80	94	65	62	62	73	74	75	77	53	55	70	75	70	64	71	61	59	66
62	85	60	88	74	78	83	68	60	68	77	74	73	77	53	54	72	75	69	67	67	61	59	65
62	83	70	88	72	75	83	74	62	70	73	68	72	78	53	62	71	75	70	66	69	58	59	66
62	83	71	91	74	75	85	69	62	69	74	68	72	74	53	53	65	65	69	56	67	66	59	65
62	83	67	88	74	75	83	75	60	70	73	68	72	64	53	54	65	75	69	66	67	65	59	68
62	83	70	88	60	76	84	62	62	63	73	68	72	77	53	62	67	68	70	71	65	65	56	67
62	83	69	91	63	83	83	68	51	68	73	72	71	73	53	53	65	75	69	71	69	66	59	68
62	83	69	91	69	82	83	54	62	68	70	70	75	66	55	55	65	66	69	71	67	64	59	68
62	83	69	91	61	75	83	68	60	68	77	74	80	77	53	55	65	75	69	71	69	61	59	53
62	83	67	91	63	80	85	74	62	65	73	72	72	64	53	52	65	75	69	66	67	63	59	68
62	83	69	87	74	75	96	63	60	67	72	75	73	73	51	54	65	75	69	71	67	66	57	68
62	84	69	91	74	75	83	68	62	67	73	74	72	73	53	55	72	75	66	71	69	64	59	53
66	81	60	88	60	75	85	69	60	75	73	68	72	76	53	55	65	66	69	70	67	66	59	68
65	87	66	88	69	90	85	74	60	73	73	75	73	77	51	55	70	69	68	67	67	64	54	66
65	83	67	91	74	75	83	69	69	67	73	72	71	77	55	54	65	75	70	70	67	58	59	73
62	83	69	88	74	75	96	68	60	67	73	64	72	80	53	66	65	75	69	70	69	61	59	68
66	83	69	89	60	78	83	69	60	69	73	68	72	71	51	54	65	75	70	71	67	66	59	53
65	83	69	87	74	75	83	68	62	70	73	68	72	77	55	54	65	75	66	70	69	64	59	67
62	85	69	88	74	80	78	63	62	66	72	68	72	73	53	54	65	75	74	56	67	65	59	66
63	72	69	91	74	83	85	67	62	74	73	68	72	77	51	54	68	70	69	71	67	66	56	66
62	83	66	91	71	75	83	68	62	69	77	64	72	77	53	54	65	75	70	66	66	66	59	66
62	72	70	91	74	79	83	61	62	67	73	75	72	67	47	53	69	70	67	67	72	66	56	65
62	87	70	88	72	79	84	54	62	69	72	67	72	73	55	62	67	68	71	66	65	65	56	68
62	83	69	87	74	78	83	69	62	69	72	74	72	81	53	68	65	75	69	71	67	66	59	68
61	87	70	96	72	79	83	68	62	67	73	68	74	77	53	57	67	68	69	66	67	66	56	66
62	83	66	88	74	75	83	68	60	67	73	68	71	77	51	53	65	75	69	67	69	66	59	53
65	84	70	91	74	80	66	68	62	68	72	68	72	72	53	54	65	75	69	66	67	66	59	66
61	83	66	91	60	75	85	68	60	68	72	74	75	77	47	54	65	75	69	66	67	65	59	68
62	83	71	91	61	82	83	68	62	67	73	68	72	77	53	62	67	68	60	70	72	65	56	67
62	83	70	88	74	79	83	69	62	67	73	74	72	74	55	70	67	68	70	71	60	63	56	68
65	83	66	91	69	83	83	68	62	67	74	74	71	79	47	54	72	65	66	56	67	61	59	76
60	83	69	91	72	75	85	68	62	70	73	68	72	65	55	54	65	75	74	56	67	65	59	66
62	83	69	91	72	75	84	68	62	67	73	74	72	77	55	71	65	53	66	67	69	65	59	68
64	90	69	91	72	75	83	68	51	75	73	68	71	73	53	55	71	65	66	66	72	61	56	73
62	83	60	91	74	75	83	69	62	67	75	71	72	78	53	53	65	75	69	70	67	64	59	68
62	72	69	95	72	75	83	74	62	68	80	68	72	79	49	55	65	75	66	66	67	66	59	66
62	87	69	91	72	75	83	68	62	68	73	75	72	77	47	52	52	75	69	71	67	66	59	68
62	83	71	91	69	82	83	68	62	69	73	70	72	73	52	54	67	68	60	71	65	65	56	66
66	84	70	88	61	76	85	68	62	72	73	68	72	77	55	54	67	68	70	66	69	65	56	66
63	83	69	89	69	78	83	65	60	67	73	71	75	77	53	54	65	75	68	67	67	62	59	68
65	90	69	97	61	75	83	69	51	70	78	74	73	73	53	55	65	75	66	70	65	61	59	66
65	83	69	91	74	75	83	68	62	70	70	68	74	77	53	55	65	53	69	67	67	66	56	69
62	83	69	91	72	82	83	68	60	67	73	74	71	77	49	53	65	65	70	56	69	66	56	68
62	83	66	91	63	78	83	63	62	67	73	72	72	80	53	54	65	75	66	66	67	64	46	66
65	87	69	96	70	83	83	68	62	69	69	68	72	80	55	55	52	71	67	70	67	68	59	69
62	83	69	88	69	75	83	62	62	70	80	65	72	80	53	58	65	71	66	73	67	65	59	67
61	87	67	88	70	83	83	68	62	65	67	68	74	80	53	55	65	71	72	74	67	65	56	69
62	83	69	97	69	75	83	54	62	68	73	75	71	73	49	52	71	67	69	67	69	66	56	68
63	83	60	97	69	75	83	62	60	68	73	74	72	71	49	52	65	75	69	66	67	68	60	67
62	87	66	88	72	75	84	74	62	67	73	72	72	77	53	54	65	53	70	66	67	66	59	67
62	83	69	90	61	82	96	74	60	75	77	71	73	76	53	54	65	53	69	67	67	61	56	66
62	83	69	91	72	75	83	75	58	67	72	74	72	77	55	62	65	75	70	56	67	65	56	65
65	87	69	88	70	75	83	74	62	74	73	74	72	69	55	55	52	75	66	67	67	65	59	66
65	83	66	88	69	75	90	68	62	68	74	68	72	72	51	52	65	70	66	70	67	67	46	74
61	83	68	91	74	78	84	75	66	68	73	74	72	77	53	54	65	65	66	71	69	62	59	68
62	83	69	91	72	75	79	75	51	68	73	68	72	77	53	54	65	75	66	71	67	66	59	68
60	83	70	91	74	79	66	74	62	70	73	68	72	67	52	55	67	66	67	71	70	66	56	65
61	83	69	89	72	72	87	69	62	67	71	68	72	77	53	53	67	68	70	71	72	66	56	66
62	83	69	102	69	78	83	62	62	68	73	68	78	81	52	54	65	75	69	56	67	65	59	65
60	87	69	91	60	75	83	74	62	68	72	74	72	72	53	55	68	75	72	67	67	62	59	67
62	83	70	91	74	83	85	68	62	62	77	74	72	77	53	54	65	75	69	67	67	65	59	68
65	94	69	96	70	83	83	74	63	68	76	68	74	75	53	55	65	71	69	70	67	66	53	66
62	83	69	88	74	75	66	69	67	67	72	72	72	73	55	55	65	75	69	71	67	64	59	68
62	87	69	91	72	75	83	75	62	62	73	74	80	77	55	53	65	75	75	66	67	66	59	66
